Time 	 VoltageL1 	 VoltageL2 	 VoltageL3 	 VoltageR1 	 VoltageR2 	 VoltageR3 	 CurrentL1 	 CurrentL2 	 CurrentL3 	 CurrentR1 	 CurrentR2 	 CurrentR3 	 Gyrot SPI Gyro Angle 	 SPI Gyro Rate 	 Analog Gyro Angle 	 Analog Gyro Rate 	 Left Encoder Position 	 Left Encoder Rate 	 Right Encoder Position 	 Right Encoder Rate 	 Lift Voltage 	 Lift Current
8.832644	0.0	0.0	0.0	0.0	0.0	0.0	0.625	1.875	0.625	0.5	1.0	0.125	N/A	N/A	0.9655011249999974	1.3625	0.0	0.0	0.0	0.0	0.0	1.0
8.854877	0.0	0.0	0.0	0.0	0.0	0.0	0.625	1.875	0.625	0.5	1.0	0.125	N/A	N/A	0.9980042374999973	1.6875	0.0	0.0	0.0	0.0	0.0	1.0
8.95847	0.0	0.0	0.0	0.0	0.0	0.0	0.625	1.875	0.625	0.5	1.0	0.125	N/A	N/A	1.162214749999995	1.7125	0.0	0.0	0.0	0.0	0.0	1.0
9.047084	0.0	0.0	0.0	0.0	0.0	0.0	0.625	1.875	0.625	0.5	1.0	0.125	N/A	N/A	1.303000874999995	1.475	0.0	0.0	0.0	0.0	0.0	1.0
9.150339	0.0	0.0	0.0	0.0	0.0	0.0	0.625	1.875	0.625	0.5	1.0	0.125	N/A	N/A	1.471104812499996	1.6125	0.0	0.0	0.0	0.0	0.0	1.0
9.272249	0.0	0.0	0.0	0.0	0.0	0.0	0.625	1.875	0.625	0.5	1.0	0.125	N/A	N/A	1.6731529749999974	1.65	0.0	0.0	0.0	0.0	0.0	1.0
9.354156	0.0	0.0	0.0	0.0	0.0	0.0	0.625	1.875	0.625	0.5	1.0	0.125	N/A	N/A	1.8035163249999977	1.5125	0.0	0.0	0.0	0.0	0.0	1.0
9.475737	0.0	0.0	0.0	0.0	0.0	0.0	0.625	1.875	0.625	0.5	1.0	0.125	N/A	N/A	1.996516374999999	1.6	0.0	0.0	0.0	0.0	0.0	1.0
9.559258	0.0	0.0	0.0	0.0	0.0	0.0	0.625	1.875	0.625	0.5	1.0	0.125	N/A	N/A	2.1375024249999974	1.725	0.0	0.0	0.0	0.0	0.0	1.0
9.654298	0.0	0.0	0.0	0.0	0.0	0.0	0.625	1.875	0.625	0.5	1.0	0.125	N/A	N/A	2.2858841249999973	1.45	0.0	0.0	0.0	0.0	0.0	1.0
9.776912	0.0	0.0	0.0	0.0	0.0	0.0	0.625	1.875	0.625	0.5	1.0	0.125	N/A	N/A	2.4825182249999997	1.575	0.0	0.0	0.0	0.0	0.0	1.0
9.845448	0.0	0.0	0.0	0.0	0.0	0.0	0.625	1.875	0.625	0.5	1.0	0.125	N/A	N/A	2.587607799999997	1.65	0.0	0.0	0.0	0.0	0.0	1.0
9.967883	0.0	0.0	0.0	0.0	0.0	0.0	0.625	1.875	0.625	0.5	1.0	0.125	N/A	N/A	2.787194874999996	1.6125	0.0	0.0	0.0	0.0	0.0	1.0
10.062729	0.0	0.0	0.0	0.0	0.0	0.0	0.625	1.875	0.625	0.5	1.0	0.125	N/A	N/A	2.9448374624999936	1.65	0.0	0.0	0.0	0.0	0.0	1.0
10.163169	0.0	0.0	0.0	0.0	0.0	0.0	0.625	1.875	0.625	0.5	1.0	0.125	N/A	N/A	3.1092750749999927	1.7	0.0	0.0	0.0	0.0	0.0	1.0
10.245147	0.0	0.0	0.0	0.0	0.0	0.0	0.625	1.875	0.625	0.5	1.0	0.125	N/A	N/A	3.2388272249999943	1.675	0.0	0.0	0.0	0.0	0.0	1.0
10.359514	0.0	0.0	0.0	0.0	0.0	0.0	0.625	1.875	0.625	0.5	1.0	0.125	N/A	N/A	3.430212024999994	1.625	0.0	0.0	0.0	0.0	0.0	1.0
10.50692	0.0	0.0	0.0	0.0	0.0	0.0	0.625	1.875	0.625	0.5	1.0	0.125	N/A	N/A	3.6678897499999965	1.4	0.0	0.0	0.0	0.0	0.0	1.0
10.549682	0.0	0.0	0.0	0.0	0.0	0.0	0.625	1.875	0.625	0.5	1.0	0.125	N/A	N/A	3.7365623249999933	1.575	0.0	0.0	0.0	0.0	0.0	1.0
10.646789	0.0	0.0	0.0	0.0	0.0	0.0	0.625	1.875	0.625	0.5	1.0	0.125	N/A	N/A	3.8990382249999946	1.6375	0.0	0.0	0.0	0.0	0.0	1.0
10.777682	0.0	0.0	0.0	0.0	0.0	0.0	0.625	1.875	0.625	0.5	1.0	0.125	N/A	N/A	4.110223612499994	1.6375	0.0	0.0	0.0	0.0	0.0	1.0
10.856645	0.0	0.0	0.0	0.0	0.0	0.0	0.625	1.875	0.625	0.5	1.0	0.125	N/A	N/A	4.2449767749999925	1.8375	0.0	0.0	0.0	0.0	0.0	1.0
10.963555	0.0	0.0	0.0	0.0	0.0	0.0	0.625	1.875	0.625	0.5	1.0	0.125	N/A	N/A	4.415279674999994	1.625	0.0	0.0	0.0	0.0	0.0	1.0
11.068301	0.0	0.0	0.0	0.0	0.0	0.0	0.625	1.875	0.625	0.5	1.0	0.125	N/A	N/A	4.5875987499999935	1.6	0.0	0.0	0.0	0.0	0.0	1.0
11.163554	0.0	0.0	0.0	0.0	0.0	0.0	0.625	1.875	0.625	0.5	1.0	0.125	N/A	N/A	4.741713749999992	1.5625	0.0	0.0	0.0	0.0	0.0	1.0
11.259885	0.0	0.0	0.0	0.0	0.0	0.0	0.625	1.875	0.625	0.5	1.0	0.125	N/A	N/A	4.8937289374999935	1.4625	0.0	0.0	0.0	0.0	0.0	1.0
11.365182	0.0	0.0	0.0	0.0	0.0	0.0	0.625	1.875	0.625	0.5	1.0	0.125	N/A	N/A	5.066020762499995	1.8625	0.0	0.0	0.0	0.0	0.0	1.0
11.44602	0.0	0.0	0.0	0.0	0.0	0.0	0.625	1.875	0.625	0.5	1.0	0.125	N/A	N/A	5.201644437499996	1.7125	0.0	0.0	0.0	0.0	0.0	1.0
11.546412	0.0	0.0	0.0	0.0	0.0	0.0	0.625	1.875	0.625	0.5	1.0	0.125	N/A	N/A	5.372145162499996	1.45	0.0	0.0	0.0	0.0	0.0	1.0
11.659349	0.0	0.0	0.0	0.0	0.0	0.0	0.625	1.875	0.625	0.5	1.0	0.125	N/A	N/A	5.548391262499996	1.5875	0.0	0.0	0.0	0.0	0.0	1.0
11.762833	0.0	0.0	0.0	0.0	0.0	0.0	0.625	1.875	0.625	0.5	1.0	0.125	N/A	N/A	5.721749899999995	1.7	0.0	0.0	0.0	0.0	0.0	1.0
11.868304	0.0	0.0	0.0	0.0	0.0	0.0	0.625	1.875	0.625	0.5	1.0	0.125	N/A	N/A	5.897559124999996	1.675	0.0	0.0	0.0	0.0	0.0	1.0
11.959984	0.0	0.0	0.0	0.0	0.0	0.0	0.625	1.875	0.625	0.5	1.0	0.125	N/A	N/A	6.039886924999993	1.5125	0.0	0.0	0.0	0.0	0.0	1.0
12.047288	0.0	0.0	0.0	0.0	0.0	0.0	0.625	1.875	0.625	0.5	1.0	0.125	N/A	N/A	6.177750274999993	1.6625	0.0	0.0	0.0	0.0	0.0	1.0
12.167938	0.0	0.0	0.0	0.0	0.0	0.0	0.625	1.875	0.625	0.5	1.0	0.125	N/A	N/A	6.374818812499994	1.35	0.0	0.0	0.0	0.0	0.0	1.0
12.28644	0.0	0.0	0.0	0.0	0.0	0.0	0.625	1.875	0.625	0.5	1.0	0.125	N/A	N/A	6.5564185499999965	1.625	0.0	0.0	0.0	0.0	0.0	1.0
12.381873	0.0	0.0	0.0	0.0	0.0	0.0	0.625	1.875	0.625	0.5	1.0	0.125	N/A	N/A	6.708992837499996	1.375	0.0	0.0	0.0	0.0	0.0	1.0
12.467346	0.0	0.0	0.0	0.0	0.0	0.0	0.625	1.875	0.625	0.5	1.0	0.125	N/A	N/A	6.843018849999999	1.6125	0.0	0.0	0.0	0.0	0.0	1.0
12.588223	0.0	0.0	0.0	0.0	0.0	0.0	0.625	1.875	0.625	0.5	1.0	0.125	N/A	N/A	7.0445617375	1.7875	0.0	0.0	0.0	0.0	0.0	1.0
12.692035	0.0	0.0	0.0	0.0	0.0	0.0	0.625	1.875	0.625	0.5	1.0	0.125	N/A	N/A	7.213921449999999	1.55	0.0	0.0	0.0	0.0	0.0	1.0
12.772424	0.0	0.0	0.0	0.0	0.0	0.0	0.625	1.875	0.625	0.5	1.0	0.125	N/A	N/A	7.3442276875	1.675	0.0	0.0	0.0	0.0	0.0	1.0
12.889594	0.0	0.0	0.0	0.0	0.0	0.0	0.625	1.875	0.625	0.5	1.0	0.125	N/A	N/A	7.535803275000001	1.5	0.0	0.0	0.0	0.0	0.0	1.0
12.967182	0.0	0.0	0.0	0.0	0.0	0.0	0.625	1.875	0.625	0.5	1.0	0.125	N/A	N/A	7.665771424999999	1.55	0.0	0.0	0.0	0.0	0.0	1.0
13.090017	0.0	0.0	0.0	0.0	0.0	0.0	0.625	1.875	0.625	0.5	1.0	0.125	N/A	N/A	7.860857849999998	1.7375	0.0	0.0	0.0	0.0	0.0	1.0
13.164097	0.0	0.0	0.0	0.0	0.0	0.0	0.625	1.875	0.625	0.5	1.0	0.125	N/A	N/A	7.980562974999996	1.6375	0.0	0.0	0.0	0.0	0.0	1.0
13.289447	0.0	0.0	0.0	0.0	0.0	0.0	0.625	1.875	0.625	0.5	1.0	0.125	N/A	N/A	8.177476762499996	1.675	0.0	0.0	0.0	0.0	0.0	1.0
13.369672	0.0	0.0	0.0	0.0	0.0	0.0	0.625	1.875	0.625	0.5	1.0	0.125	N/A	N/A	8.310063237499996	1.6375	0.0	0.0	0.0	0.0	0.0	1.0
13.472072	0.0	0.0	0.0	0.0	0.0	0.0	0.625	1.875	0.625	0.5	1.0	0.125	N/A	N/A	8.469969699999995	1.675	0.0	0.0	0.0	0.0	0.0	1.0
13.579856	0.0	0.0	0.0	0.0	0.0	0.0	0.625	1.875	0.625	0.5	1.0	0.125	N/A	N/A	8.642401512499996	1.525	0.0	0.0	0.0	0.0	0.0	1.0
13.681748	0.0	0.0	0.0	0.0	0.0	0.0	0.625	1.875	0.625	0.5	1.0	0.125	N/A	N/A	8.802826337500004	1.575	0.0	0.0	0.0	0.0	0.0	1.0
13.779926	0.0	0.0	0.0	0.0	0.0	0.0	0.625	1.875	0.625	0.5	1.0	0.125	N/A	N/A	8.966635575000007	1.775	0.0	0.0	0.0	0.0	0.0	1.0
13.872813	0.0	0.0	0.0	0.0	0.0	0.0	0.625	1.875	0.625	0.5	1.0	0.125	N/A	N/A	9.119074912500006	1.7125	0.0	0.0	0.0	0.0	0.0	1.0
14.095873	0.0	0.0	0.0	0.0	0.0	0.0	0.625	1.875	0.625	0.5	1.0	0.125	N/A	N/A	9.493801275000006	1.45	0.0	0.0	0.0	0.0	0.0	1.0
14.178361	0.0	0.0	0.0	0.0	0.0	0.0	0.625	1.875	0.625	0.5	1.0	0.125	N/A	N/A	9.634731375000003	1.75	0.0	0.0	0.0	0.0	0.0	1.0
14.278405	0.0	0.0	0.0	0.0	0.0	0.0	0.625	1.875	0.625	0.5	1.0	0.125	N/A	N/A	9.796701512500002	1.3375	0.0	0.0	0.0	0.0	0.0	1.0
14.385547	0.0	0.0	0.0	0.0	0.0	0.0	0.625	1.875	0.625	0.5	1.0	0.125	N/A	N/A	9.966222462499998	1.575	0.0	0.0	0.0	0.0	0.0	1.0
14.471453	0.0	0.0	0.0	0.0	0.0	0.0	0.625	1.875	0.625	0.5	1.0	0.125	N/A	N/A	10.103150024999998	1.7	0.0	0.0	0.0	0.0	0.0	1.0
14.583174	0.0	0.0	0.0	0.0	0.0	0.0	0.625	1.875	0.625	0.5	1.0	0.125	N/A	N/A	10.285174012499999	1.5625	0.0	0.0	0.0	0.0	0.0	1.0
14.676208	0.0	0.0	0.0	0.0	0.0	0.0	0.625	1.875	0.625	0.5	1.0	0.125	N/A	N/A	10.431448212499994	1.7875	0.0	0.0	0.0	0.0	0.0	1.0
14.774968	0.0	0.0	0.0	0.0	0.0	0.0	0.625	1.875	0.625	0.5	1.0	0.125	N/A	N/A	10.588228824999996	2.0875	0.0	0.0	0.0	0.0	0.0	1.0
14.882239	0.0	0.0	0.0	0.0	0.0	0.0	0.625	1.875	0.625	0.5	1.0	0.125	N/A	N/A	10.757804024999997	1.6	0.0	0.0	0.0	0.0	0.0	1.0
14.985572	0.0	0.0	0.0	0.0	0.0	0.0	0.625	1.875	0.625	0.5	1.0	0.125	N/A	N/A	10.928352750000002	1.725	0.0	0.0	0.0	0.0	0.0	1.0
15.075923	0.0	0.0	0.0	0.0	0.0	0.0	0.625	1.875	0.625	0.5	1.0	0.125	N/A	N/A	11.072634925	1.65	0.0	0.0	0.0	0.0	0.0	1.0
15.189484	0.0	0.0	0.0	0.0	0.0	0.0	0.625	1.875	0.625	0.5	1.0	0.125	N/A	N/A	11.253128562500002	1.5625	0.0	0.0	0.0	0.0	0.0	1.0
15.280838	0.0	0.0	0.0	0.0	0.0	0.0	0.625	1.875	0.625	0.5	1.0	0.125	N/A	N/A	11.406355537500001	1.6	0.0	0.0	0.0	0.0	0.0	1.0
15.385932	0.0	0.0	0.0	0.0	0.0	0.0	0.625	1.875	0.625	0.5	1.0	0.125	N/A	N/A	11.5746608125	1.5875	0.0	0.0	0.0	0.0	0.0	1.0
15.487992	0.0	0.0	0.0	0.0	0.0	0.0	0.625	1.875	0.625	0.5	1.0	0.125	N/A	N/A	11.735224762500001	1.35	0.0	0.0	0.0	0.0	0.0	1.0
15.591493	0.0	0.0	0.0	0.0	0.0	0.0	0.625	1.875	0.625	0.5	1.0	0.125	N/A	N/A	11.898057524999999	1.6125	0.0	0.0	0.0	0.0	0.0	1.0
15.676145	0.0	0.0	0.0	0.0	0.0	0.0	0.625	1.875	0.625	0.5	1.0	0.125	N/A	N/A	12.035614274999999	1.7	0.0	0.0	0.0	0.0	0.0	1.0
15.78006	0.0	0.0	0.0	0.0	0.0	0.0	0.625	1.875	0.625	0.5	1.0	0.125	N/A	N/A	12.205249087499993	1.8125	0.0	0.0	0.0	0.0	0.0	1.0
15.879978	0.0	0.0	0.0	0.0	0.0	0.0	0.625	1.875	0.625	0.5	1.0	0.125	N/A	N/A	12.362518524999993	1.2875	0.0	0.0	0.0	0.0	0.0	1.0
15.980083	0.0	0.0	0.0	0.0	0.0	0.0	0.625	1.875	0.625	0.5	1.0	0.125	N/A	N/A	12.531382399999988	1.7875	0.0	0.0	0.0	0.0	0.0	1.0
16.0805	0.0	0.0	0.0	0.0	0.0	0.0	0.625	1.875	0.625	0.5	1.0	0.125	N/A	N/A	12.692711887499984	1.5375	0.0	0.0	0.0	0.0	0.0	1.0
16.182098	0.0	0.0	0.0	0.0	0.0	0.0	0.625	1.875	0.625	0.5	1.0	0.125	N/A	N/A	12.842516499999983	1.7	0.0	0.0	0.0	0.0	0.0	1.0
16.280234	0.0	0.0	0.0	0.0	0.0	0.0	0.625	1.875	0.625	0.5	1.0	0.125	N/A	N/A	12.999056174999984	1.95	0.0	0.0	0.0	0.0	0.0	1.0
16.381867	0.0	0.0	0.0	0.0	0.0	0.0	0.625	1.875	0.625	0.5	1.0	0.125	N/A	N/A	13.167218237499986	1.6125	0.0	0.0	0.0	0.0	0.0	1.0
16.480102	0.0	0.0	0.0	0.0	0.0	0.0	0.625	1.875	0.625	0.5	1.0	0.125	N/A	N/A	13.32532738749999	1.8125	0.0	0.0	0.0	0.0	0.0	1.0
16.580138	0.0	0.0	0.0	0.0	0.0	0.0	0.625	1.875	0.625	0.5	1.0	0.125	N/A	N/A	13.491142449999987	1.475	0.0	0.0	0.0	0.0	0.0	1.0
16.681963	0.0	0.0	0.0	0.0	0.0	0.0	0.625	1.875	0.625	0.5	1.0	0.125	N/A	N/A	13.652218674999984	1.625	0.0	0.0	0.0	0.0	0.0	1.0
16.780251	0.0	0.0	0.0	0.0	0.0	0.0	0.625	1.875	0.625	0.5	1.0	0.125	N/A	N/A	13.811930412499981	1.6875	0.0	0.0	0.0	0.0	0.0	1.0
16.881828	0.0	0.0	0.0	0.0	0.0	0.0	0.625	1.875	0.625	0.5	1.0	0.125	N/A	N/A	13.98482204999998	1.6625	0.0	0.0	0.0	0.0	0.0	1.0
17.015806	0.0	0.0	0.0	0.0	0.0	0.0	0.625	1.875	0.625	0.5	1.0	0.125	N/A	N/A	14.18883769999998	1.5375	0.0	0.0	0.0	0.0	0.0	1.0
17.082241	0.0	0.0	0.0	0.0	0.0	0.0	0.625	1.875	0.625	0.5	1.0	0.125	N/A	N/A	14.300834999999982	1.575	0.0	0.0	0.0	0.0	0.0	1.0
17.180746	0.0	0.0	0.0	0.0	0.0	0.0	0.625	1.875	0.625	0.5	1.0	0.125	N/A	N/A	14.46105297499998	1.5875	0.0	0.0	0.0	0.0	0.0	1.0
17.281081	0.0	0.0	0.0	0.0	0.0	0.0	0.625	1.875	0.625	0.5	1.0	0.125	N/A	N/A	14.62693961249998	1.7125	0.0	0.0	0.0	0.0	0.0	1.0
17.38096	0.0	0.0	0.0	0.0	0.0	0.0	0.625	1.875	0.625	0.5	1.0	0.125	N/A	N/A	14.792061137499978	1.6625	0.0	0.0	0.0	0.0	0.0	1.0
17.476358	0.0	0.0	0.0	0.0	0.0	0.0	0.625	1.875	0.625	0.5	1.0	0.125	N/A	N/A	14.94781317499998	1.675	0.0	0.0	0.0	0.0	0.0	1.0
17.578743	0.0	0.0	0.0	0.0	0.0	0.0	0.625	1.875	0.625	0.5	1.0	0.125	N/A	N/A	15.10706213749998	1.55	0.0	0.0	0.0	0.0	0.0	1.0
17.697356	0.0	0.0	0.0	0.0	0.0	0.0	0.625	2.0	0.625	0.5	1.0	0.125	N/A	N/A	15.30506473749998	1.575	0.0	0.0	0.0	0.0	0.0	1.0
17.779328	0.0	0.0	0.0	0.0	0.0	0.0	0.625	2.0	0.625	0.5	1.0	0.125	N/A	N/A	15.438305987499982	1.5	0.0	0.0	0.0	0.0	0.0	1.0
17.881587	0.0	0.0	0.0	0.0	0.0	0.0	0.625	1.875	0.625	0.5	1.0	0.125	N/A	N/A	15.606656662499987	1.7125	0.0	0.0	0.0	0.0	0.0	1.0
17.979051	0.0	0.0	0.0	0.0	0.0	0.0	0.625	1.875	0.625	0.5	1.0	0.125	N/A	N/A	15.761685887499981	1.7875	0.0	0.0	0.0	0.0	0.0	1.0
18.079736	0.0	0.0	0.0	0.0	0.0	0.0	0.625	1.875	0.625	0.5	1.0	0.125	N/A	N/A	15.928422987499982	1.6625	0.0	0.0	0.0	0.0	0.0	1.0
18.178603	0.0	0.0	0.0	0.0	0.0	0.0	0.625	1.875	0.625	0.5	1.0	0.125	N/A	N/A	16.08155643749999	1.525	0.0	0.0	0.0	0.0	0.0	1.0
18.278462	0.0	0.0	0.0	0.0	0.0	0.0	0.625	1.875	0.625	0.5	1.0	0.125	N/A	N/A	16.239570249999993	1.475	0.0	0.0	0.0	0.0	0.0	1.0
18.411748	0.0	0.0	0.0	0.0	0.0	0.0	0.625	1.875	0.625	0.5	1.0	0.125	N/A	N/A	16.451383324999995	1.6125	0.0	0.0	0.0	0.0	0.0	1.0
18.499513	0.0	0.0	0.0	0.0	0.0	0.0	0.625	1.875	0.625	0.5	1.0	0.125	N/A	N/A	16.59051255	1.6125	0.0	0.0	0.0	0.0	0.0	1.0
18.599157	0.0	0.0	0.0	0.0	0.0	0.0	0.625	1.875	0.625	0.5	1.0	0.125	N/A	N/A	16.755745412499994	1.65	0.0	0.0	0.0	0.0	0.0	1.0
18.717659	0.0	0.0	0.0	0.0	0.0	0.0	0.625	2.0	0.625	0.5	1.0	0.125	N/A	N/A	16.945040637500007	1.625	0.0	0.0	0.0	0.0	0.0	1.0
18.79931	0.0	0.0	0.0	0.0	0.0	0.0	0.625	2.0	0.625	0.5	1.0	0.125	N/A	N/A	17.070491124999986	1.6	0.0	0.0	0.0	0.0	0.0	1.0
18.900006	0.0	0.0	0.0	0.0	0.0	0.0	0.625	1.875	0.625	0.5	1.0	0.125	N/A	N/A	-0.003299129175685103	1.6375	0.0	0.0	0.0	0.0	0.0	1.125
19.019423	0.0	0.0	0.0	0.0	0.0	0.0	0.625	1.875	0.625	0.5	1.0	0.125	N/A	N/A	-0.00329555728990641	1.6	0.0	0.0	0.0	0.0	0.0	1.0
19.101256	0.0	0.0	0.0	0.0	0.0	0.0	0.625	1.875	0.625	0.5	1.0	0.125	N/A	N/A	-0.0012328760804113806	1.5625	0.0	0.0	0.0	0.0	0.0	1.0
19.219325	0.0	0.0	0.0	0.0	0.0	0.0	0.625	2.0	0.625	0.5	1.0	0.125	N/A	N/A	-0.007029700260950907	1.9125	0.0	0.0	0.0	0.0	0.0	1.0
19.302239	0.0	0.0	0.0	0.0	0.0	0.0	0.625	1.875	0.625	0.5	1.0	0.125	N/A	N/A	-0.007669252889741091	1.5875	0.0	0.0	0.0	0.0	0.0	1.125
19.418531	0.0	0.0	0.0	0.0	0.0	0.0	0.625	1.875	0.625	0.5	1.0	0.125	N/A	N/A	-0.009651039446064876	1.675	0.0	0.0	0.0	0.0	0.0	1.0
19.51922	0.0	0.0	0.0	0.0	0.0	0.0	0.625	1.875	0.625	0.5	1.0	0.125	N/A	N/A	-0.006725571560592309	1.8375	0.0	0.0	0.0	0.0	0.0	1.0
19.619031	0.0	0.0	0.0	0.0	0.0	0.0	0.625	1.875	0.625	0.5	1.0	0.125	N/A	N/A	-0.007877799534865424	1.725	0.0	0.0	0.0	0.0	0.0	1.0
19.722224	0.0	0.0	0.0	0.0	0.0	0.0	0.625	2.0	0.625	0.5	1.0	0.125	N/A	N/A	-0.008686247924080058	1.65	0.0	0.0	0.0	0.0	0.0	1.125
19.815224	0.0	0.0	0.0	0.0	0.0	0.0	0.625	1.875	0.625	0.5	1.0	0.125	N/A	N/A	-0.010238806707967956	1.75	0.0	0.0	0.0	0.0	0.0	1.0
19.970733	0.0	0.0	0.0	0.0	0.0	0.0	0.625	1.875	0.625	0.5	1.0	0.125	N/A	N/A	-0.009046394315625414	1.9375	0.0	0.0	0.0	0.0	0.0	1.0
20.077241	0.0	0.0	0.0	0.0	0.0	0.0	0.625	2.0	0.625	0.5	1.0	0.125	N/A	N/A	-0.011662180738046372	1.55	0.0	0.0	0.0	0.0	0.0	1.0
20.178954	0.0	0.0	0.0	0.0	0.0	0.0	0.625	2.0	0.625	0.5	1.0	0.125	N/A	N/A	-0.013746722934788501	1.3875	0.0	0.0	0.0	0.0	0.0	1.0
20.275899	0.0	0.0	0.0	0.0	0.0	0.0	0.625	2.0	0.625	0.5	1.0	0.125	N/A	N/A	-0.019380585012745505	1.5875	0.0	0.0	0.0	0.0	0.0	1.125
20.387489	0.0	0.0	0.0	0.0	0.0	0.0	0.625	2.0	0.625	0.5	1.0	0.125	N/A	N/A	-0.017042037446535187	1.6125	0.0	0.0	0.0	0.0	0.0	1.0
20.487918	0.0	0.0	0.0	0.0	0.0	0.0	0.625	1.875	0.625	0.5	1.0	0.125	N/A	N/A	-0.010598650674299593	1.65	0.0	0.0	0.0	0.0	0.0	1.125
20.574962	0.3671875	0.3671875	0.3671875	-0.18359375	-0.18359375	-0.18359375	0.625	1.875	0.625	0.5	1.0	0.125	N/A	N/A	-0.009746994418262524	1.9625	0.0	0.0	0.0	0.0	0.0	1.0
20.671963	0.35625	0.35625	0.35625	-0.178125	-0.178125	-0.178125	0.625	1.875	0.625	0.5	1.0	0.125	N/A	N/A	-0.027864873307758255	-1.475	0.0	0.0	0.0	0.0	-11.350000000000001	1.0
20.781451	0.35	0.35	0.35	-0.175	-0.175	-0.175	0.625	1.875	0.625	0.5	1.0	0.125	N/A	N/A	-0.027737355963613274	1.4375	0.0	0.0	0.0	0.0	0.0	1.0
20.885645	0.3515625	0.3515625	0.3515625	-0.17578125	-0.17578125	-0.17578125	0.625	1.875	0.625	0.5	1.0	0.125	N/A	N/A	-0.013357275450785753	0.6875	0.0	0.0	0.0	0.0	0.0	1.0
20.985841	0.353125	0.353125	0.353125	-0.1765625	-0.1765625	-0.1765625	0.625	1.875	0.625	0.5	1.0	0.125	N/A	N/A	-0.014730671673768604	3.4125	0.0	0.0	0.0	0.0	0.0	1.0
21.07697	0.3484375	0.3484375	0.3484375	-0.17421875	-0.17421875	-0.17421875	0.625	1.875	0.625	0.5	1.0	0.125	N/A	N/A	-0.018075603041433727	2.1	0.0	0.0	0.0	0.0	0.0	1.0
21.172806	0.3515625	0.3515625	0.3515625	-0.17578125	-0.17578125	-0.17578125	0.625	1.875	0.625	0.5	1.0	0.125	N/A	N/A	-0.016777313477716636	1.9875	0.0	0.0	0.0	0.0	0.0	1.0
21.272839	0.353125	0.353125	0.353125	-0.1765625	-0.1765625	-0.1765625	0.625	1.875	0.625	0.5	1.0	0.125	N/A	N/A	-0.01790035689537322	0.5875	0.0	0.0	0.0	0.0	0.0	1.0
21.372539	0.3484375	0.3484375	0.3484375	-0.17421875	-0.17421875	-0.17421875	0.625	1.875	0.625	0.5	1.0	0.125	N/A	N/A	-0.023652232167085795	1.6	0.0	0.0	0.0	0.0	0.0	1.0
21.47696	0.3515625	0.3515625	0.3515625	-0.17578125	-0.17578125	-0.17578125	0.625	1.875	0.625	0.5	1.0	0.125	N/A	N/A	-0.019462445267511164	2.15	0.0	0.0	0.0	0.0	0.0	1.0
21.577307	0.3515625	0.3515625	0.3515625	-0.17578125	-0.17578125	-0.17578125	0.625	1.875	0.625	0.5	1.0	0.125	N/A	N/A	-0.012618511596090034	2.3375	0.0	0.0	0.0	0.0	0.0	1.0
21.678815	0.353125	0.353125	0.353125	-0.1765625	-0.1765625	-0.1765625	0.625	1.875	0.625	0.5	1.0	0.125	N/A	N/A	-0.02058969352809299	0.425	0.0	0.0	0.0	0.0	-6.762204724409449	1.0
21.790913	0.3109375	0.3109375	0.3109375	-0.15546875	-0.15546875	-0.15546875	0.75	1.875	0.5	0.625	1.0	0.125	N/A	N/A	-0.020052466708142536	2.15	0.0	0.0	0.0	0.0	-9.95	1.0
21.882174	0.3359375	0.3359375	0.3359375	-0.16796875	-0.16796875	-0.16796875	0.625	1.875	0.5	0.5	1.0	0.125	N/A	N/A	-0.025348224636162774	1.0125	0.0	0.0	0.0	0.0	-10.75	1.0
21.976836	0.34375	0.34375	0.34375	-0.171875	-0.171875	-0.171875	0.625	1.875	0.5	0.5	1.0	0.125	N/A	N/A	-0.021273469276810328	2.2375	0.0	0.0	0.0	0.0	0.0	1.0
22.078952	0.34687500000000004	0.34687500000000004	0.34687500000000004	-0.17343750000000002	-0.17343750000000002	-0.17343750000000002	0.625	1.875	0.5	0.5	1.0	0.125	N/A	N/A	-0.0066513305418005216	3.125	0.0	0.0	0.0	0.0	0.0	1.0
22.176262	0.3484375	0.3484375	0.3484375	-0.17421875	-0.17421875	-0.17421875	0.625	1.875	0.625	0.5	1.0	0.125	N/A	N/A	-0.011854726058738104	2.0375	0.0	0.0	0.0	0.0	0.0	1.0
22.276507	0.35	0.35	0.35	-0.175	-0.175	-0.175	0.625	1.875	0.625	0.5	1.0	0.125	N/A	N/A	-0.015801006930376817	1.2	0.0	0.0	0.0	0.0	0.0	1.0
22.375896	0.3515625	0.3515625	0.3515625	-0.17578125	-0.17578125	-0.17578125	0.625	1.875	0.5	0.5	1.0	0.125	N/A	N/A	-0.023154840233644138	0.55	0.0	0.0	0.0	0.0	0.0	1.0
22.475985	0.3515625	0.3515625	0.3515625	-0.17578125	-0.17578125	-0.17578125	0.625	1.875	0.625	0.5	1.0	0.125	N/A	N/A	-0.02987571199243499	1.6375	0.0	0.0	0.0	0.0	0.0	1.0
22.575787	0.35	0.35	0.35	-0.175	-0.175	-0.175	0.625	1.875	0.625	0.5	1.0	0.125	N/A	N/A	-0.03121742087597286	2.625	0.0	0.0	0.0	0.0	0.0	1.0
22.699592	0.35	0.35	0.35	-0.175	-0.175	-0.175	0.625	1.875	0.5	0.5	1.0	0.125	N/A	N/A	-0.027460432767573522	2.0875	0.0	0.0	0.0	0.0	0.0	1.0
22.776585	0.3515625	0.3515625	0.3515625	-0.17578125	-0.17578125	-0.17578125	0.625	1.875	0.5	0.5	1.0	0.125	N/A	N/A	-0.03127840702565736	1.7125	0.0	0.0	0.0	0.0	0.0	1.0
22.876666	0.3484375	0.3484375	0.3484375	-0.17421875	-0.17421875	-0.17421875	0.625	1.875	0.5	0.5	1.0	0.125	N/A	N/A	-0.017239179594297174	1.65	0.0	0.0	0.0	0.0	0.0	1.0
23.00649	0.34687500000000004	0.34687500000000004	0.34687500000000004	-0.17343750000000002	-0.17343750000000002	-0.17343750000000002	0.625	1.875	0.5	0.5	1.0	0.125	N/A	N/A	-0.024551895716110536	2.1125	0.0	0.0	0.0	0.0	0.0	1.0
23.082635	0.35	0.35	0.35	-0.175	-0.175	-0.175	0.625	1.875	0.5	0.5	1.0	0.125	N/A	N/A	-0.023394804724055612	1.9375	0.0	0.0	0.0	0.0	0.0	1.0
23.186151	0.3515625	0.3515625	0.3515625	-0.17578125	-0.17578125	-0.17578125	0.625	1.875	0.5	0.5	1.0	0.125	N/A	N/A	-0.02456070139080141	1.5875	0.0	0.0	0.0	0.0	0.0	1.0
23.28416	0.35	0.35	0.35	-0.175	-0.175	-0.175	0.625	1.875	0.5	0.5	1.0	0.125	N/A	N/A	-0.016764286904765665	2.3875	0.0	0.0	0.0	0.0	0.0	1.0
23.381709	0.34687500000000004	0.34687500000000004	0.34687500000000004	-0.17343750000000002	-0.17343750000000002	-0.17343750000000002	0.625	1.875	0.5	0.5	1.0	0.125	N/A	N/A	-0.009657634714233008	2.325	0.0	0.0	0.0	0.0	0.0	1.0
23.476252	0.35	0.35	0.35	-0.175	-0.175	-0.175	0.625	1.875	0.5	0.5	1.0	0.125	N/A	N/A	-0.00287295254194167	2.4625	0.0	0.0	0.0	0.0	0.0	1.0
23.576746	0.3515625	0.3515625	0.3515625	-0.17578125	-0.17578125	-0.17578125	0.625	1.875	0.5	0.5	1.0	0.125	N/A	N/A	-0.0054358754188750125	0.8625	0.0	0.0	0.0	0.0	0.0	1.0
23.676296	0.3515625	0.3515625	0.3515625	-0.17578125	-0.17578125	-0.17578125	0.625	1.875	0.5	0.5	1.0	0.125	N/A	N/A	-0.012823849950292178	1.6625	0.0	0.0	0.0	0.0	0.0	1.0
23.785068	0.3484375	0.3484375	0.3484375	-0.17421875	-0.17421875	-0.17421875	0.625	1.875	0.5	0.5	1.0	0.125	N/A	N/A	-0.015508028603433373	1.25	0.0	0.0	0.0	0.0	0.0	1.0
23.876596	0.34687500000000004	0.34687500000000004	0.34687500000000004	-0.17343750000000002	-0.17343750000000002	-0.17343750000000002	0.625	1.875	0.5	0.5	1.0	0.125	N/A	N/A	-0.00963122103391747	0.925	0.0	0.0	0.0	0.0	0.0	1.0
23.981618	0.3484375	0.3484375	0.3484375	-0.17421875	-0.17421875	-0.17421875	0.625	1.875	0.5	0.5	1.0	0.125	N/A	N/A	-0.0021372166376979447	2.525	0.0	0.0	0.0	0.0	0.0	1.0
24.076184	0.3515625	0.3515625	0.3515625	-0.17578125	-0.17578125	-0.17578125	0.625	1.875	0.5	0.5	1.0	0.125	N/A	N/A	-0.005178902075542364	1.975	0.012566370614359173	0.0	0.0	0.0	0.0	1.0
24.184171	0.3515625	0.3515625	0.3515625	-0.17578125	-0.17578125	-0.17578125	0.625	1.875	0.5	0.5	1.0	0.125	N/A	N/A	-0.0012395035859903486	1.7625	-0.05026548245743669	-0.2962962962962963	0.0	0.0	0.0	1.0
24.28142	0.3484375	0.3484375	0.3484375	-0.17421875	-0.17421875	-0.17421875	0.625	1.875	0.5	0.5	1.0	0.125	N/A	N/A	0.003112565302063402	2.1125	-0.05026548245743669	-0.2962962962962963	0.0	0.0	0.0	1.0
24.376184	0.3515625	0.3515625	0.3515625	-0.17578125	-0.17578125	-0.17578125	0.625	1.875	0.5	0.5	1.0	0.125	N/A	N/A	0.0040717610234765785	2.1375	-0.05026548245743669	-0.2962962962962963	0.0	0.0	0.0	1.0
24.482757	0.3515625	0.3515625	0.3515625	-0.17578125	-0.17578125	-0.17578125	0.625	1.875	0.5	0.5	1.0	0.125	N/A	N/A	0.0031138140745565037	1.4625	0.0	0.0027691242644513727	0.0	0.0	0.0	1.0
24.576835	0.35	0.35	0.35	-0.175	-0.175	-0.175	0.625	1.875	0.5	0.5	1.0	0.125	N/A	N/A	0.013695988832932694	0.65	0.0	0.0027691242644513727	0.0	0.0	0.0	1.0
24.695189	0.3484375	0.3484375	0.3484375	-0.17421875	-0.17421875	-0.17421875	0.625	1.875	0.5	0.5	1.0	0.125	N/A	N/A	0.023768194912355548	2.3	0.0	0.29906542056074764	0.0	0.0	0.0	1.0
24.777752	0.3484375	0.3484375	0.3484375	-0.17421875	-0.17421875	-0.17421875	0.625	1.875	0.5	0.5	1.0	0.125	N/A	N/A	0.017425268239600125	1.3875	0.0	0.29906542056074764	0.0	0.0	0.0	1.0
24.888446	0.35	0.35	0.35	-0.175	-0.175	-0.175	0.625	1.875	0.5	0.5	1.0	0.125	N/A	N/A	0.02339971227091551	1.6625	0.0	0.29906542056074764	0.0	0.0	0.0	1.0
24.976942	0.35	0.35	0.35	-0.175	-0.175	-0.175	0.625	1.875	0.5	0.5	1.0	0.125	N/A	N/A	0.021833443254468038	2.1875	0.0	0.0	0.0	0.0	0.0	1.0
25.084434	0.3515625	0.3515625	0.3515625	-0.17578125	-0.17578125	-0.17578125	0.625	1.875	0.5	0.5	1.0	0.125	N/A	N/A	0.017048207243627662	1.425	0.0	0.0	0.0	0.0	0.0	1.0
25.179828	0.3484375	0.3484375	0.3484375	-0.17421875	-0.17421875	-0.17421875	0.625	1.875	0.5	0.5	1.0	0.125	N/A	N/A	0.01643378556147384	1.4125	0.0	0.0	0.0	0.0	0.0	1.0
25.278946	0.35	0.35	0.35	-0.175	-0.175	-0.175	0.625	1.875	0.5	0.5	1.0	0.125	N/A	N/A	0.015721832118875657	1.975	0.0	0.0	0.0	0.0	0.0	1.0
25.377932	0.3515625	0.3515625	0.3515625	-0.17578125	-0.17578125	-0.17578125	0.625	1.875	0.5	0.5	1.0	0.125	N/A	N/A	0.016059168605303077	2.0	0.0	0.0	0.0	0.0	0.0	1.0
25.481056	0.3515625	0.3515625	0.3515625	-0.17578125	-0.17578125	-0.17578125	0.625	1.875	0.5	0.5	1.0	0.125	N/A	N/A	0.021172341384133715	1.65	0.0	0.0	0.0	0.0	0.0	1.0
25.580878	0.34687500000000004	0.34687500000000004	0.34687500000000004	-0.17343750000000002	-0.17343750000000002	-0.17343750000000002	0.625	1.875	0.5	0.5	1.0	0.125	N/A	N/A	0.02795537212340763	2.6875	0.0	0.0	0.0	0.0	0.0	1.0
25.678497	0.3484375	0.3484375	0.3484375	-0.17421875	-0.17421875	-0.17421875	0.625	1.875	0.5	0.5	1.0	0.125	N/A	N/A	0.026643513853359224	2.2375	0.0	0.0	0.0	0.0	0.0	1.0
25.778406	0.3484375	0.3484375	0.3484375	-0.17421875	-0.17421875	-0.17421875	0.625	1.875	0.5	0.5	1.0	0.125	N/A	N/A	0.020497240018303255	2.0	0.0	0.0	0.0	0.0	0.0	1.0
25.879045	0.3515625	0.3515625	0.3515625	-0.17578125	-0.17578125	-0.17578125	0.625	1.875	0.5	0.5	1.0	0.125	N/A	N/A	0.02115694513181382	1.275	0.0	0.0	0.0	0.0	0.0	1.0
25.979144	0.35	0.35	0.35	-0.175	-0.175	-0.175	0.625	1.875	0.5	0.5	1.0	0.125	N/A	N/A	0.023631972572339226	2.0	0.0	0.0	0.0	0.0	0.0	1.0
26.201868	0.34687500000000004	0.34687500000000004	0.34687500000000004	-0.17343750000000002	-0.17343750000000002	-0.17343750000000002	0.625	1.875	0.5	0.5	1.0	0.125	N/A	N/A	0.03125886745465034	2.275	0.0	0.0	0.0	0.0	0.0	1.0
26.312411	0.3515625	0.3515625	0.3515625	-0.17578125	-0.17578125	-0.17578125	0.625	1.875	0.5	0.5	1.0	0.125	N/A	N/A	0.04910013043113932	1.775	0.0	0.0	0.0	0.0	0.0	1.0
26.424477	0.3515625	0.3515625	0.3515625	9.124015748031496	9.124015748031496	9.124015748031496	0.625	1.875	0.5	0.5	0.875	0.125	N/A	N/A	0.5571815450256391	20.875	-0.025132741228718346	0.0	-1.080707872834889	-6.0	0.0	1.0
26.50209	0.25312500000000004	0.25312500000000004	0.25312500000000004	1.2755905511811025	1.2755905511811025	1.2755905511811025	0.625	2.0	0.5	13.5	11.25	0.125	N/A	N/A	2.7244642589752357	41.4375	-0.36442474781641604	-2.8717948717948714	-2.7897342763877364	-19.94871794871795	0.0	1.0
26.617506	0.328125	0.328125	0.328125	-0.24609375	-0.24609375	-0.24609375	0.875	1.875	0.5	34.75	31.0	0.125	N/A	N/A	7.146357350032544	30.3125	-0.9173450548482196	-5.932664437012263	-4.800353574685204	-31.079152731326644	0.0	1.0
26.725517	0.3484375	0.3484375	0.3484375	-0.261328125	-0.261328125	-0.261328125	0.875	1.875	0.5	0.5	0.875	0.125	N/A	N/A	9.188518823338471	12.4125	-0.9676105373056564	-6.2289607333085595	-5.705132258919065	-36.36355640105141	0.0	1.0
26.802098	0.3484375	0.3484375	0.3484375	-0.261328125	-0.261328125	-0.261328125	0.625	1.875	0.5	0.5	1.0	0.125	N/A	N/A	9.536881993778062	1.0625	-0.9801769079200155	-6.2289607333085595	-5.830795965062657	-37.59432563182065	0.0	1.0
26.904702	0.34687500000000004	0.34687500000000004	0.34687500000000004	-0.26015625000000003	-0.26015625000000003	-0.26015625000000003	0.625	1.875	0.5	0.5	1.0	0.125	N/A	N/A	9.437776340075256	2.1375	-0.9550441666912972	-6.2289607333085595	-5.76796411199086	-30.960662265484018	0.0	1.0
27.021984	0.3453125	0.3453125	0.3453125	-0.25898437500000004	-0.25898437500000004	-0.25898437500000004	0.625	1.875	0.5	0.5	1.0	0.125	N/A	N/A	9.4458107172286	0.5875	-0.9047786842338604	-3.083661588009414	-5.730265000147783	-17.011944316766066	0.0	1.0
27.12114	11.062890625	11.062890625	11.062890625	-0.261328125	-0.261328125	-0.261328125	0.625	1.875	0.5	0.5	1.0	0.125	N/A	N/A	9.70615148179491	17.7875	-0.289026524130261	4.179228179228179	-5.717698629533424	-5.558277210925047	0.0	1.0
27.202747	7.9	7.9	7.9	-0.18515625000000002	-0.18515625000000002	-0.18515625000000002	44.625	43.75	0.5	0.5	0.875	0.125	N/A	N/A	11.54813630961461	31.7	1.4325662500369458	17.35357325601228	-5.378406622945726	2.0675898734338722	0.0	1.0
27.302577	8.45	8.45	8.45	-0.19804687499999998	-0.19804687499999998	-0.19804687499999998	40.125	34.0	0.5	0.5	0.875	0.125	N/A	N/A	15.562611478389233	52.4875	4.4484951974831475	36.553573256012285	-4.486194309326224	9.058359104203102	0.0	1.0
27.419214	8.7	8.7	8.7	-0.20390624999999998	-0.20390624999999998	-0.20390624999999998	31.875	31.375	0.5	0.5	0.875	0.125	N/A	N/A	22.460427669676708	63.5875	9.311680625240147	63.312193945667445	-3.2295572478903076	15.321247462004399	0.0	1.0
27.520158	0.072265625	0.072265625	0.072265625	-0.216796875	-0.216796875	-0.216796875	31.375	30.5	0.5	0.5	0.875	0.125	N/A	N/A	28.662152727809044	51.425	12.742299802960202	84.58324412760871	-2.5509732347149123	19.756891026360837	0.0	1.0
27.623986	0.086328125	0.086328125	0.086328125	-0.25898437500000004	-0.25898437500000004	-0.25898437500000004	0.625	1.875	0.5	0.5	1.0	0.125	N/A	N/A	32.527928397873616	28.875	14.262830647297662	89.61199315635774	-2.412743157956961	20.049043318513128	0.0	1.0
27.706189	0.086328125	0.086328125	0.086328125	-0.25898437500000004	-0.25898437500000004	-0.25898437500000004	0.625	1.875	0.5	0.5	0.875	0.125	N/A	N/A	33.84542446171222	10.5	14.72778636002895	80.58936606261693	-2.412743157956961	17.707579903878983	0.0	1.0
27.820395	0.086328125	0.086328125	0.086328125	-0.25898437500000004	-0.25898437500000004	-0.25898437500000004	0.625	1.875	0.5	0.5	1.0	0.125	N/A	N/A	33.66821484383972	1.4875	14.76548547187203	61.38936606261693	-2.3750440461138838	12.228281658264947	0.0	1.0
27.919769	0.087109375	0.087109375	0.087109375	-0.261328125	-0.261328125	-0.261328125	0.625	1.875	0.5	0.5	1.0	0.125	N/A	N/A	33.65304110670605	1.7	14.75291910125767	34.63074537296176	-2.387610416728243	5.331729934127017	0.0	1.0
28.005465	0.0875	0.0875	0.0875	-0.26249999999999996	-0.26249999999999996	-0.26249999999999996	0.625	1.875	0.5	0.5	1.0	0.125	N/A	N/A	33.645064479144736	0.8375	14.76548547187203	13.08619091751622	-2.387610416728243	0.8960863697705804	0.0	1.0
28.105177	0.07695312500000001	0.07695312500000001	0.07695312500000001	9.46220472440945	9.46220472440945	9.46220472440945	0.625	1.875	0.5	0.5	3.25	0.125	N/A	N/A	34.02934963389112	16.7625	14.576989912656641	2.895421686746988	-3.1667253948185117	-4.839298245614035	0.0	1.0
28.213884	0.062109375	0.062109375	0.062109375	7.95	7.95	7.95	1.25	2.25	0.5	36.25	31.375	0.125	N/A	N/A	37.045503659103645	39.3	13.910972270095606	-5.070091743119267	-6.144955230421636	-22.160399163045227	0.0	1.0
28.324897	0.066015625	0.066015625	0.066015625	8.45	8.45	8.45	0.625	1.875	0.5	37.75	33.25	0.125	N/A	N/A	42.231891922112254	53.3	12.553804243744814	-12.85387552690305	-11.045839770021713	-50.40506488139515	0.0	1.0
28.426267	0.084375	0.084375	0.084375	-0.084375	-0.084375	-0.084375	0.625	1.875	0.5	34.625	30.375	0.125	N/A	N/A	47.888157074533446	51.2	11.25946807046582	-20.774667606110974	-15.255573925832037	-77.01892626753377	0.0	1.0
28.506048	0.086328125	0.086328125	0.086328125	-0.086328125	-0.086328125	-0.086328125	0.625	1.875	0.5	29.625	25.125	0.125	N/A	N/A	50.395777548931214	23.825	10.32955664500324	-28.37466760611097	-16.813803882012575	-89.41892626753376	0.0	1.0
28.622121	0.08671875000000001	0.08671875000000001	0.08671875000000001	-0.08671875000000001	-0.08671875000000001	-0.08671875000000001	0.625	1.875	0.5	0.5	0.875	0.125	N/A	N/A	51.44843760768962	2.6125	9.525308925684254	-31.82846070955925	-18.12070642590593	-91.47134006063722	0.0	1.0
28.706922	0.087109375	0.087109375	0.087109375	-0.087109375	-0.087109375	-0.087109375	0.625	1.875	0.5	0.5	1.0	0.125	N/A	N/A	51.39751384610699	0.8625	9.211149660325274	-29.977192495851746	-18.42229932065055	-76.4090626726178	0.0	1.0
28.821302	0.0875	0.0875	0.0875	1.1464566929133857	1.1464566929133857	1.1464566929133857	0.625	1.875	0.5	0.5	0.875	0.125	N/A	N/A	51.40997755003902	1.375	9.160884177867837	-22.474110466453926	-18.560529397408498	-49.28720397181172	0.0	1.0
28.90594	0.08671875000000001	0.08671875000000001	0.08671875000000001	11.100000000000001	11.100000000000001	11.100000000000001	1.375	2.125	0.5	0.625	1.625	0.125	N/A	N/A	52.10958651756187	21.3375	9.12318506602476	-14.929788975481301	-19.90513105314493	-32.838048468026045	0.0	1.0
29.006497	0.060937500000000006	0.060937500000000006	0.060937500000000006	7.800000000000001	7.800000000000001	7.800000000000001	1.375	2.125	0.5	46.25	42.0	0.125	N/A	N/A	55.22048498712423	44.3875	8.406901941006288	-11.765432539837736	-22.996458224277287	-39.76478114129337	0.0	1.0
29.135949	0.06718750000000001	0.06718750000000001	0.06718750000000001	8.600000000000001	8.600000000000001	8.600000000000001	0.625	1.875	0.5	34.875	30.375	0.125	N/A	N/A	62.170497891829065	59.45	7.0246011734267775	-14.297375870497987	-29.02831611916969	-62.359809208655044	0.0	1.0
29.211499	0.06953125	0.06953125	0.06953125	8.9	8.9	8.9	0.625	1.875	0.5	32.0	27.25	0.125	N/A	N/A	66.88294075239197	65.8625	5.981592412434966	-20.571885674419555	-33.16265205129386	-95.04835410029591	0.0	1.0
29.312842	0.06953125	0.06953125	0.06953125	8.9	8.9	8.9	0.625	1.875	0.5	28.5	25.125	0.125	N/A	N/A	73.96458983798925	76.3125	4.435928826868788	-30.016674116112018	-39.15681083434318	-131.9092191341677	0.0	1.0
29.421178	0.069921875	0.069921875	0.069921875	8.95	8.95	8.95	0.625	1.875	0.5	26.375	21.625	0.125	N/A	N/A	82.32267667790185	81.1	2.839999758845173	-39.12168500935822	-45.91751822486842	-161.44821695551846	0.0	1.0
29.523046	0.072265625	0.072265625	0.072265625	9.25	9.25	9.25	0.625	1.875	0.5	25.25	20.75	0.125	N/A	N/A	90.29125403092712	80.3125	0.9801769079200155	-46.29388458225667	-52.61539376232186	-183.84697447832957	0.0	1.0
29.608689	0.07265625	0.07265625	0.07265625	9.3	9.3	9.3	0.625	1.875	0.5	25.0	20.5	0.125	N/A	N/A	97.19173526692832	83.1125	-0.5152211951887261	-50.13884582256675	-58.358225133084	-196.87023029228308	0.0	1.0
29.721089	0.071484375	0.071484375	0.071484375	9.15	9.15	9.15	0.625	1.875	0.5	24.125	19.625	0.125	N/A	N/A	106.18508728022287	79.15	-2.752035164544659	-54.17694106066199	-66.02371120784309	-205.35143329980184	0.0	1.0
29.808419	0.072265625	0.072265625	0.072265625	9.25	9.25	9.25	0.625	1.875	0.5	24.25	19.25	0.125	N/A	N/A	112.84579026773027	77.4625	-4.549026162398021	-57.69283017492838	-72.00530362027806	-211.41857794530088	0.0	1.0
29.914128	0.071484375	0.071484375	0.071484375	9.15	9.15	9.15	0.625	1.875	0.5	23.75	19.25	0.125	N/A	N/A	120.62969933024539	76.35	-6.660176425610362	-60.89059397646578	-79.20583398230588	-215.18657235480478	0.0	1.0
30.008548	-1.0984251968503937	-1.0984251968503937	-1.0984251968503937	9.3	9.3	9.3	0.625	1.875	0.5	23.75	19.75	0.125	N/A	N/A	127.67670527287761	72.75	-8.721061206365267	-63.09327715500035	-85.66494847808649	-216.57687163241053	0.0	1.0
30.108311	-8.201574803149606	-8.201574803149606	-8.201574803149606	9.3	9.3	9.3	0.625	1.875	0.5	23.75	19.75	0.125	N/A	N/A	134.35681086482757	60.25	-11.900352971798137	-72.66621584421812	-92.41308949799736	-217.09930527112323	0.0	1.0
30.206938	-8.350000000000001	-8.350000000000001	-8.350000000000001	8.350000000000001	8.350000000000001	8.350000000000001	8.125	8.5	0.5	21.375	17.375	0.125	N/A	N/A	138.25653202693985	30.425	-16.600175581568468	-90.47862565662793	-99.12353140606515	-216.98386515568313	0.0	1.0
30.323937	-8.4	-8.4	-8.4	8.4	8.4	8.4	18.5	19.0	0.5	16.375	12.25	0.125	N/A	N/A	140.84561772606082	17.525	-23.210086524721394	-113.06630617534293	-107.64353068260068	-219.4359724353766	0.0	0.875
30.422377	-8.9	-8.9	-8.9	8.9	8.9	8.9	12.75	13.875	0.5	15.625	11.75	0.125	N/A	N/A	141.99417845877204	11.55	-29.845130209103036	-143.8156323208955	-115.18335305121619	-224.94386615890375	0.0	0.875
30.517828	-9.0	-9.0	-9.0	9.0	9.0	9.0	11.375	12.5	0.5	14.25	10.25	0.125	N/A	N/A	142.8019408362806	6.5875	-36.83203227068674	-176.00510600510603	-122.91167097904707	-233.16141001855289	0.0	1.0
30.612476	-9.2	-9.2	-9.2	9.2	9.2	9.2	9.25	11.375	0.5	14.125	10.5	0.125	N/A	N/A	143.4335545723084	11.1875	-44.23362456254429	-206.02444836487388	-130.8787499485508	-243.97593827988968	0.0	0.875
30.715977	-9.350000000000001	-9.350000000000001	-9.350000000000001	9.350000000000001	9.350000000000001	9.350000000000001	7.375	9.375	0.5	13.125	9.375	0.125	N/A	N/A	144.40247831999673	9.2	-52.27610175573416	-224.40251474294027	-140.06476686764734	-256.129473633425	0.0	1.0
30.854933	-9.45	-9.45	-9.45	9.45	9.45	9.45	7.0	8.875	0.5	11.5	8.25	0.125	N/A	N/A	145.5677724559088	11.65	-63.33450789637023	-239.5879476675036	-152.6437038526209	-267.87826590395645	0.0	1.0
30.917878	-8.692913385826772	-8.692913385826772	-8.692913385826772	9.600000000000001	9.600000000000001	9.600000000000001	7.0	8.875	0.5	11.375	7.875	0.125	N/A	N/A	146.07382960020198	3.8125	-68.83857822545956	-251.52445560401156	-158.4870661882979	-278.32724549579314	0.0	1.0
31.021406	-9.84251968503937	-9.84251968503937	-9.84251968503937	10.0	10.0	10.0	4.625	6.375	0.5	11.375	7.875	0.125	N/A	N/A	147.065028036303	12.1125	-77.6853031379684	-260.20406725449703	-168.32653437934113	-286.9939121624598	0.0	0.875
31.132442	-9.8	-9.8	-9.8	9.8	9.8	9.8	5.75	7.75	0.5	10.25	6.75	0.125	N/A	N/A	148.2017885537478	10.2375	-86.21786878511828	-258.83009754010175	-178.90741843663156	-294.2480707698099	0.0	1.0
31.213317	-9.7	-9.7	-9.7	9.7	9.7	9.7	5.875	8.0	0.5	9.875	6.625	0.125	N/A	N/A	148.77220282869575	9.2	-93.02884165810096	-263.79658783992534	-186.68600184691988	-300.01597200437783	0.0	1.0
31.333692	0.076171875	0.076171875	0.076171875	8.905511811023622	8.905511811023622	8.905511811023622	5.25	7.375	0.5	9.5	6.125	0.125	N/A	N/A	149.53791153607432	7.5	-103.09450452020266	-265.6746570697733	-198.38529288888827	-303.4003294124506	0.0	1.0
31.415587	0.076171875	0.076171875	0.076171875	8.905511811023622	8.905511811023622	8.905511811023622	4.625	6.5	0.5	9.0	6.0	0.125	N/A	N/A	152.19483692157178	52.775	-106.17326532072066	-234.11445575347443	-206.36493822900636	-306.02053847168406	0.0	1.0
31.512194	0.085546875	0.085546875	0.085546875	-0.085546875	-0.085546875	-0.085546875	0.625	1.875	0.5	0.75	5.375	0.125	N/A	N/A	157.32233518550925	30.4625	-109.50335353352584	-201.43484410298896	-212.74865450110082	-288.35387180501743	0.0	1.0
31.622724	0.0859375	0.0859375	0.0859375	-0.0859375	-0.0859375	-0.0859375	0.625	1.875	0.5	0.75	0.875	0.125	N/A	N/A	158.62878841956004	-1.9375	-112.49414973974332	-169.72313239127726	-216.27980464373573	-247.15223380337943	0.0	1.0
31.720897	0.0859375	0.0859375	0.0859375	-0.0859375	-0.0859375	-0.0859375	0.625	1.875	0.5	0.5	0.875	0.125	N/A	N/A	158.72990315457403	1.3625	-114.21574251391053	-127.09677814587539	-217.97626467667422	-197.01970671847135	0.0	1.0
31.808414	0.0859375	0.0859375	0.0859375	-0.0859375	-0.0859375	-0.0859375	0.625	1.875	0.5	0.5	0.875	0.125	N/A	N/A	158.71639460367996	2.4625	-114.95715838015772	-79.72145754171466	-218.69254780169268	-140.81376010500122	0.0	1.0
31.918638	0.086328125	0.086328125	0.086328125	-0.086328125	-0.086328125	-0.086328125	0.625	1.875	0.5	0.5	0.875	0.125	N/A	N/A	158.7362243151271	1.4875	-115.23361853367362	-57.35802093437561	-218.96900795520858	-80.4947093469261	0.0	1.0
32.020253	0.085546875	0.085546875	0.085546875	-8.38359375	-8.38359375	-8.38359375	0.625	1.875	0.5	1.375	2.5	0.125	N/A	N/A	158.27378672998992	-12.625	-115.0828220863013	-34.40752588487066	-218.0767956415891	-32.458405716563064	0.0	1.0
32.107813	0.06171875	0.06171875	0.06171875	-7.9	-7.9	-7.9	0.75	2.0	0.5	26.125	24.75	0.125	N/A	N/A	156.461980386543	-24.3625	-114.50476903804079	-13.110228587573365	-215.65148611301777	5.176319918162575	0.0	0.875
32.222365	0.0640625	0.0640625	0.0640625	-8.2	-8.2	-8.2	0.625	1.75	0.5	36.5	31.875	0.125	N/A	N/A	151.99492150239465	-47.475	-113.41149479459153	4.167250825244393	-210.8385661677182	43.22572915554174	0.0	0.875
32.310287	0.06914062500000001	0.06914062500000001	0.06914062500000001	-8.850000000000001	-8.850000000000001	-8.850000000000001	0.625	1.75	0.5	31.0	25.625	0.125	N/A	N/A	146.8827343805954	-65.15	-112.35591966298537	17.420755940818474	-206.1638762991766	81.07845114619477	0.0	0.875
32.414793	0.06953125	0.06953125	0.06953125	-8.9	-8.9	-8.9	0.625	1.75	0.5	28.375	23.5	0.125	N/A	N/A	138.91941168020028	-83.9125	-111.2375126783074	24.237197382259914	-190.70724044351482	121.18318087592448	0.0	0.875
32.572883	0.06953125	0.06953125	0.06953125	-8.9	-8.9	-8.9	0.625	1.75	0.5	28.375	23.5	0.125	N/A	N/A	121.45779618071859	-110.575	-110.11910569362944	26.19579324184587	-189.95325820665326	166.14687724556146	0.0	0.875
32.685536	0.07265625	0.07265625	0.07265625	-9.3	-9.3	-9.3	0.625	1.75	0.5	22.625	19.0	0.125	N/A	N/A	107.14009130468999	-130.275	-109.86777828134225	23.7196027656554	-182.9537897744552	190.13995083863506	0.0	0.875
32.774746	0.071875	0.071875	0.071875	-3.7375	-3.7375	-3.7375	0.625	1.75	0.5	22.125	18.125	0.125	N/A	N/A	94.50620410370686	-143.5875	-109.98087561687149	16.477497502497503	-176.9219318795628	206.33864983331273	0.0	0.875
32.883945	0.085546875	0.085546875	0.085546875	-0.085546875	-0.085546875	-0.085546875	0.625	1.75	0.5	16.5	12.875	0.125	N/A	N/A	80.11677777954449	-108.725	-110.50866318267457	5.805453949720005	-172.4231711996222	199.76379349698854	0.0	0.875
32.978503	0.086328125	0.086328125	0.086328125	-0.086328125	-0.086328125	-0.086328125	0.625	1.875	0.5	0.5	0.875	0.125	N/A	N/A	71.51330263979695	-70.5875	-111.33804364322228	-5.356780092833188	-170.26175545395245	175.87300402330433	0.0	1.0
33.083373	0.08671875000000001	0.08671875000000001	0.08671875000000001	-0.08671875000000001	-0.08671875000000001	-0.08671875000000001	0.625	1.875	0.5	0.5	0.875	0.125	N/A	N/A	66.29151482218039	-29.925	-111.97892854455459	-11.923013859066954	-168.9548529100591	133.20633735663768	0.0	1.0
33.181673	0.08671875000000001	0.08671875000000001	0.08671875000000001	-0.08671875000000001	-0.08671875000000001	-0.08671875000000001	0.625	1.875	0.5	0.5	0.875	0.125	N/A	N/A	64.62140077008245	-1.725	-112.16742410376997	-14.739752675805772	-168.45219808548472	94.99104154134184	0.0	1.0
33.283506	0.087109375	0.087109375	0.087109375	-0.087109375	-0.087109375	-0.087109375	0.625	1.875	0.5	0.5	0.875	0.125	N/A	N/A	64.75684973945162	2.3625	-112.10459225069819	-13.356254325970786	-168.427065344256	52.15869961580758	0.0	1.0
33.374211	0.086328125	0.086328125	0.086328125	-4.4890625	-4.4890625	-4.4890625	0.625	1.875	0.5	0.5	0.875	0.125	N/A	N/A	64.77622622324259	2.2625	-112.1297249919269	-10.420474509457026	-168.1254724495114	28.163592582168434	0.0	1.0
33.502958	0.08359375	0.08359375	0.08359375	-0.08359375	-0.08359375	-0.08359375	0.875	2.0	0.5	7.0	6.75	0.125	N/A	N/A	64.43692511192056	2.2125	-111.80299935595356	-3.144868373880578	-167.3840565832642	17.152250272906908	0.0	1.0
33.595252	0.087109375	0.087109375	0.087109375	-0.087109375	-0.087109375	-0.087109375	0.625	1.875	0.5	0.5	0.875	0.125	N/A	N/A	64.46304021933265	2.7375	-111.72760113226741	1.207926657175323	-167.33379110080676	9.500076359863431	0.0	1.0
33.674837	0.08671875000000001	0.08671875000000001	0.08671875000000001	-0.08671875000000001	-0.08671875000000001	-0.08671875000000001	0.625	1.875	0.5	0.5	0.875	0.125	N/A	N/A	64.47260377718122	2.425	-111.79043298533921	1.700855950104616	-167.4091893244929	5.8677531275401975	0.0	1.0
33.795114	0.086328125	0.086328125	0.086328125	-0.086328125	-0.086328125	-0.086328125	0.625	1.875	0.5	0.5	0.875	0.125	N/A	N/A	64.48500812811832	1.1625	-111.85326483841101	1.1173576002696326	-167.48458754817906	5.020694304010785	0.0	1.0
33.875644	0.085546875	0.085546875	0.085546875	-0.085546875	-0.085546875	-0.085546875	0.625	1.875	0.5	0.5	0.875	0.125	N/A	N/A	64.48728417328435	0.6375	-111.85326483841101	1.1173576002696326	-167.48458754817906	2.8873609706774515	0.0	1.0
33.990959	0.0859375	0.0859375	0.0859375	-0.0859375	-0.0859375	-0.0859375	0.625	1.875	0.5	0.5	0.875	0.125	N/A	N/A	64.49758513154075	1.525	-111.85326483841101	-0.3710144927536233	-167.48458754817906	-0.5855072463768117	0.0	1.0
34.075603	0.086328125	0.086328125	0.086328125	-0.086328125	-0.086328125	-0.086328125	0.625	1.875	0.5	0.5	0.875	0.125	N/A	N/A	64.50347636918254	2.5375	-111.85326483841101	-1.0666666666666669	-167.48458754817906	-0.9333333333333333	0.0	1.0
34.250373	0.086328125	0.086328125	0.086328125	-0.086328125	-0.086328125	-0.086328125	0.625	1.875	0.5	0.5	0.875	0.125	N/A	N/A	64.53806992114873	1.95	-111.85326483841101	-0.2666666666666667	-167.48458754817906	-0.5333333333333334	0.0	1.0
34.285414	0.086328125	0.086328125	0.086328125	-0.086328125	-0.086328125	-0.086328125	0.625	1.875	0.5	0.5	0.875	0.125	N/A	N/A	64.53411947513383	2.4	-111.85326483841101	0.0	-167.48458754817906	0.0	0.0	1.0
34.376619	0.087109375	0.087109375	0.087109375	-0.087109375	-0.087109375	-0.087109375	0.625	1.875	0.5	0.5	0.875	0.125	N/A	N/A	64.52943345755659	1.2625	-111.85326483841101	0.0	-167.48458754817906	0.0	0.0	1.0
34.476016	0.0875	0.0875	0.0875	-2.8874999999999997	-2.8874999999999997	-2.8874999999999997	0.625	1.875	0.5	0.5	0.875	0.125	N/A	N/A	64.41844068583102	-2.6	-111.85326483841101	0.0	-167.29609198896367	1.292929292929293	0.0	1.0
34.575568	1.5328125000000001	1.5328125000000001	1.5328125000000001	-2.04375	-2.04375	-2.04375	0.75	2.0	0.5	1.625	2.5	0.125	N/A	N/A	64.30684242935558	0.575	-111.51397283182331	2.2399999999999998	-166.8562690174611	4.172929292929293	0.0	1.0
34.675145	2.138671875	2.138671875	2.138671875	-1.6253906249999999	-1.6253906249999999	-1.6253906249999999	0.625	2.0	0.5	3.625	5.5	0.125	N/A	N/A	64.34009774312123	3.8875	-110.86052155987663	6.442020202020203	-166.35361419288674	7.405252525252526	0.0	1.0
34.775587	5.6578125	5.6578125	5.6578125	-1.248046875	-1.248046875	-1.248046875	2.25	2.625	0.5	1.125	1.625	0.125	N/A	N/A	64.59685992769192	9.9375	-109.93061013441405	12.144990499049905	-165.63733106786827	11.840896089608963	0.0	1.0
34.875014	5.596875	5.596875	5.596875	-1.166015625	-1.166015625	-1.166015625	9.625	8.5	0.5	0.875	1.625	0.125	N/A	N/A	65.59101479730963	13.7625	-108.04565454226017	24.42781878187819	-164.63202141871952	18.305542554255428	0.0	1.0
34.995261	5.589062500000001	5.589062500000001	5.589062500000001	-1.1484375	-1.1484375	-1.1484375	13.5	13.625	0.5	1.0	1.875	0.125	N/A	N/A	67.91075597147874	25.2875	-105.29361937771552	39.09448544854486	-162.8601631620949	26.345946594659466	0.0	0.875
35.0748	5.674609374999999	5.674609374999999	5.674609374999999	-1.166015625	-1.166015625	-1.166015625	12.125	11.5	0.5	0.875	1.375	0.125	N/A	N/A	69.98724298253501	29.7375	-103.05680540835958	54.45448544854486	-161.42759691205794	35.065946594659465	0.0	1.0
35.184926	5.7601562500000005	5.7601562500000005	5.7601562500000005	-2.7617187500000004	-2.7617187500000004	-2.7617187500000004	11.5	10.125	0.5	0.625	1.25	0.125	N/A	N/A	73.15803659076376	30.1375	-99.34972607712362	71.77973797379738	-159.26618116638815	44.34271427142714	0.0	1.0
35.275402	2.0703125000000004	2.0703125000000004	2.0703125000000004	-5.300000000000001	-5.300000000000001	-5.300000000000001	7.25	7.5	0.5	0.625	1.25	0.125	N/A	N/A	75.15618644086359	16.9875	-96.39662898274922	87.05454545454545	-156.62724333737273	58.395959595959596	0.0	1.0
35.375549	2.03125	2.03125	2.03125	-5.93125	-5.93125	-5.93125	0.75	2.0	0.5	2.5	2.875	0.125	N/A	N/A	75.46010351681178	-5.3125	-93.64459381820456	92.1974597459746	-153.30972149518192	72.84220422042205	0.0	1.0
35.476563	2.01171875	2.01171875	2.01171875	-7.885937500000001	-7.885937500000001	-7.885937500000001	0.875	1.875	0.5	10.125	8.875	0.125	N/A	N/A	74.17256366135133	-18.2375	-90.85485954181682	94.95653565356535	-149.2130846749008	89.4890689068907	0.0	1.0
35.575024	0.0703125	0.0703125	0.0703125	-9.0	-9.0	-9.0	0.75	1.875	0.5	15.125	16.875	0.125	N/A	N/A	71.105513386581	-45.6125	-88.50494823693165	92.70347442907556	-144.16140368792844	110.54213013138049	0.0	0.875
35.687911	0.0703125	0.0703125	0.0703125	-9.0	-9.0	-9.0	0.625	1.75	0.5	26.875	22.875	0.125	N/A	N/A	64.44578913630342	-67.425	-86.35609886187623	83.07000701153734	-137.43839540924628	135.97994187715682	0.0	0.875
35.775713	0.071875	0.071875	0.071875	-9.2	-9.2	-9.2	0.625	1.75	0.5	25.5	20.75	0.125	N/A	N/A	57.904937800579184	-72.55	-85.16229365351212	70.8195019610323	-131.79609500339902	158.2183257155407	0.0	0.875
35.875455	0.07265625	0.07265625	0.07265625	-9.3	-9.3	-9.3	0.625	1.75	0.5	23.0	19.125	0.125	N/A	N/A	48.51116032242065	-103.1	-84.05645303944851	60.50487049788599	-125.0605203541025	180.82743462643174	0.0	0.875
35.976116	0.07109375000000001	0.07109375000000001	0.07109375000000001	-9.100000000000001	-9.100000000000001	-9.100000000000001	0.625	1.75	0.5	20.875	18.625	0.125	N/A	N/A	37.27276920852005	-118.0875	-83.70459466224645	45.296949705806774	-118.17414925743367	198.36723660662977	0.0	0.875
36.078033	0.07109375000000001	0.07109375000000001	0.07109375000000001	-9.100000000000001	-9.100000000000001	-9.100000000000001	0.625	1.75	0.5	20.75	18.0	0.125	N/A	N/A	23.859735108900317	-135.1875	-83.55379821487415	30.89118740088481	-111.01131800724893	210.26319498998313	0.0	0.875
36.179667	0.071875	0.071875	0.071875	-9.2	-9.2	-9.2	0.625	1.75	0.5	21.75	18.125	0.125	N/A	N/A	9.207918569156584	-143.4125	-83.98105481576235	16.487578169581663	-103.92388498075036	216.55158645276293	0.0	0.875
36.280346	0.0734375	0.0734375	0.0734375	-5.3609375	-5.3609375	-5.3609375	0.625	1.75	0.5	19.5	17.5	0.125	N/A	N/A	-5.297743452705255	-116.3375	-84.23238222804954	6.160305442308936	-97.18831033145385	218.70431372549018	0.0	0.875
36.378089	0.08515625	0.08515625	0.08515625	-4.5984375	-4.5984375	-4.5984375	0.625	1.75	0.5	2.75	2.5	0.125	N/A	N/A	-17.48183032126139	-119.7625	-84.29521408112133	-1.6038668932919695	-91.87273556157992	209.79655862344939	0.0	0.875
36.480028	0.0859375	0.0859375	0.0859375	-0.171875	-0.171875	-0.171875	0.625	1.875	0.5	0.75	1.0	0.125	N/A	N/A	-28.39119466752893	-81.8375	-84.57167423463724	-5.39031612645058	-88.61804557246089	186.3549899959984	0.0	1.0
36.577245	0.085546875	0.085546875	0.085546875	-0.085546875	-0.085546875	-0.085546875	0.625	1.875	0.5	0.5	0.875	0.125	N/A	N/A	-34.51392555351313	-51.0125	-84.81043527631006	-7.980977133121288	-86.63255901539215	155.00184667681506	0.0	1.0
36.680245	7.200000000000001	7.200000000000001	7.200000000000001	-0.07500000000000001	-0.07500000000000001	-0.07500000000000001	0.625	9.25	0.5	0.75	1.125	0.125	N/A	N/A	-36.733810037449615	15.975	-83.81769199777568	0.7424190214570459	-85.51415203071417	117.60150401547867	0.0	0.875
36.778607	8.0	8.0	8.0	-0.0625	-0.0625	-0.0625	38.125	26.75	0.5	1.0	2.0	0.125	N/A	N/A	-34.10885963890853	39.9125	-81.60601076964848	16.56464124367927	-84.67220519955211	80.21645351042818	0.0	0.875
36.880264	8.25	8.25	8.25	-0.064453125	-0.064453125	-0.064453125	38.125	32.5	0.5	0.5	0.875	0.125	N/A	N/A	-29.700970706219138	47.7375	-77.7481349910402	41.613742072129455	-83.61663006794593	52.25767395900364	0.0	0.875
36.978054	8.45	8.45	8.45	-0.594140625	-0.594140625	-0.594140625	30.25	30.375	0.5	0.5	0.875	0.125	N/A	N/A	-24.931319463528965	54.75	-73.5635335764586	70.28441033943639	-82.15893107668028	41.64863034155666	0.0	0.875
37.080119	8.55	8.55	8.55	-0.601171875	-0.601171875	-0.601171875	28.0	26.75	0.5	0.5	1.5	0.125	N/A	N/A	-18.773966584476863	66.2	-68.95167556098879	100.79663997355807	-80.52530289681359	38.49196973917138	0.0	0.875
37.17712	8.9	8.9	8.9	-0.6257812500000001	-0.6257812500000001	-0.6257812500000001	26.875	25.75	0.5	0.5	1.25	0.125	N/A	N/A	-11.640594255553307	82.7125	-63.585835308657416	129.52182325075245	-78.91680745817561	42.43252848694233	0.0	0.875
37.27618	9.0	9.0	9.0	-0.703125	-0.703125	-0.703125	23.25	22.875	0.5	0.5	1.5	0.125	N/A	N/A	-3.1029891368260256	98.35	-58.00636675588194	151.5444989877139	-77.4088429844525	46.40696674709488	0.0	0.875
37.376576	9.15	9.15	9.15	-1.57265625	-1.57265625	-1.57265625	21.25	20.75	0.5	0.5	1.125	0.125	N/A	N/A	7.649580040344516	112.4125	-51.83627878423159	165.80192473028814	-76.05167495810171	48.30795684610478	0.0	0.875
37.477063	9.05	9.05	9.05	-3.1109375000000004	-3.1109375000000004	-3.1109375000000004	19.0	20.25	0.5	0.625	0.875	0.125	N/A	N/A	18.593329349502064	116.9125	-45.91751822486842	176.45988391396162	-74.59397596683606	48.11856909100274	0.0	0.875
37.57655	9.2	9.2	9.2	-3.4499999999999997	-3.4499999999999997	-3.4499999999999997	17.875	17.875	0.5	3.5	3.875	0.125	N/A	N/A	30.717620680962405	116.9625	-38.98088164574216	190.89125646298126	-72.91008230451192	48.7460200713949	0.0	0.875
37.676597	9.2	9.2	9.2	-3.4499999999999997	-3.4499999999999997	-3.4499999999999997	17.25	17.75	0.5	4.75	4.375	0.125	N/A	N/A	41.64693153530629	120.4875	-32.8736255271636	195.7892156466547	-71.05025945358676	50.05214252037449	0.0	0.875
37.778008	9.4	9.4	9.4	-2.05625	-2.05625	-2.05625	15.875	17.0	0.5	4.5	4.375	0.125	N/A	N/A	53.79102396911368	127.0875	-25.67309516513579	204.40706278551025	-69.17787023204725	52.19059790252735	0.0	0.875
37.876716	9.4	9.4	9.4	-1.2484375	-1.2484375	-1.2484375	15.5	16.25	0.5	0.875	1.0	0.125	N/A	N/A	66.96749879642	140.05	-19.42760896979928	206.24339335734294	-67.88353405876825	52.125938375350145	0.0	0.875
38.009046	9.5	9.5	9.5	-0.7421875	-0.7421875	-0.7421875	15.5	16.125	0.5	0.75	0.875	0.125	N/A	N/A	86.56249604728195	155.575	-10.693981392819657	210.6652115391611	-67.07928633944927	46.72472625413802	0.0	0.875
38.078755	9.4	9.4	9.4	-0.734375	-0.734375	-0.734375	16.25	16.75	0.5	0.5	0.875	0.125	N/A	N/A	97.50187291351006	159.575	-6.044424265506763	209.42823674924517	-67.01645448637747	36.51520244461421	0.0	0.875
38.191117	9.25	9.25	9.25	-0.72265625	-0.72265625	-0.72265625	17.625	17.125	0.5	0.5	1.0	0.125	N/A	N/A	115.78146000801965	165.075	0.8922123136195013	208.73435919822472	-67.10441908067799	23.862141220124414	0.0	0.875
38.30196	9.3	9.3	9.3	-0.7265625	-0.7265625	-0.7265625	18.25	18.125	0.5	0.75	1.25	0.125	N/A	N/A	133.8603946561003	160.675	8.06760993441859	205.09683932541074	-67.51910931095183	9.947991776563207	0.0	0.875
38.397791	9.15	9.15	9.15	-0.71484375	-0.71484375	-0.71484375	18.375	18.75	0.5	0.625	1.75	0.125	N/A	N/A	149.13453623336815	163.3625	14.225131535454585	205.60704340704342	-67.88353405876825	-0.8751374751374745	0.0	0.875
38.479727	9.4	9.4	9.4	-0.3671875	-0.3671875	-0.3671875	18.375	18.75	0.5	0.75	1.5	0.125	N/A	N/A	162.7442075714222	163.1375	19.503007193485438	204.40083498132282	-68.2102596947416	-7.485632670998524	0.0	0.875
38.578702	9.4	9.4	9.4	-0.146875	-0.146875	-0.146875	19.625	19.125	0.5	0.75	1.125	0.125	N/A	N/A	178.3315166772841	164.0625	25.874157094965536	203.394197174685	-68.76318000177339	-11.498331083696936	0.0	0.875
38.680357	9.15	9.15	9.15	-0.14296875	-0.14296875	-0.14296875	19.75	19.375	0.5	0.5	0.875	0.125	N/A	N/A	195.2365435411226	150.6625	31.667253948185117	200.68698359618426	-69.41663127372007	-15.045714393456484	0.0	0.875
38.938838	7.85	7.85	7.85	-7.359375	-7.359375	-7.359375	15.625	13.125	0.5	22.125	24.125	0.125	N/A	N/A	215.64102673077338	54.4875	40.60194345499449	181.45403636323704	-60.93433110902763	8.140900793158702	0.0	0.875
38.964623	7.7	7.7	7.7	-5.47421875	-5.47421875	-5.47421875	13.75	14.75	0.5	22.125	24.125	0.125	N/A	N/A	216.3136861966967	11.9	42.210438893632464	178.6078825170832	-59.75309227127787	40.01269566495357	0.0	0.875
39.047967	8.5	8.5	8.5	-6.04296875	-6.04296875	-6.04296875	16.125	16.75	0.5	10.625	11.875	0.125	N/A	N/A	218.4457303725809	24.4625	44.49751834544583	155.36721252002178	-55.706720933454214	73.58777647600265	0.0	0.875
39.166563	8.7	8.7	8.7	-5.5734375	-5.5734375	-5.5734375	17.625	17.75	0.5	6.375	5.125	0.125	N/A	N/A	221.63992409333682	30.875	50.85610187631158	148.1990604106932	-49.4612347381177	110.48786984668425	0.0	0.875
39.242568	9.3	9.3	9.3	-4.72265625	-4.72265625	-4.72265625	17.5	17.375	0.5	6.375	5.125	0.125	N/A	N/A	223.92913736944374	32.4125	56.39787131724397	158.50025895159993	-45.2766333235361	149.97510278050396	0.0	0.875
39.372068	9.55	9.55	9.55	-4.775	-4.775	-4.775	16.75	16.625	0.5	1.0	1.125	0.125	N/A	N/A	229.13291838648843	48.7125	66.11167580214361	184.38394995156997	-38.13893481458009	164.31960010174546	0.0	0.875
39.450904	9.55	9.55	9.55	-4.700390625000001	-4.700390625000001	-4.700390625000001	15.125	15.25	0.5	0.5	0.875	0.125	N/A	N/A	233.2986644714379	57.8125	71.47751605447498	189.57187594962255	-33.866368805697974	169.21151831011935	0.0	0.875
39.564356	6.971875	6.971875	6.971875	-4.395312499999999	-4.395312499999999	-4.395312499999999	12.75	14.0	0.5	0.5	0.875	0.125	N/A	N/A	240.04233695913928	60.9125	80.4247719318987	222.24401583660415	-27.872210022648645	172.06725986039123	0.0	0.875
39.641978	-0.08228346456692913	-0.08228346456692913	-0.08228346456692913	-4.735156249999999	-4.735156249999999	-4.735156249999999	2.875	4.25	0.5	0.625	0.875	0.125	N/A	N/A	244.1365956537346	38.625	83.75486014470388	215.43858597235075	-24.001767873426022	170.31246563500878	0.0	0.875
39.75029	-0.08070866141732283	-0.08070866141732283	-0.08070866141732283	-9.2890625	-9.2890625	-9.2890625	0.625	2.25	0.5	4.0	1.125	0.125	N/A	N/A	245.39386633004176	-18.05	88.29131993648755	195.36841053375423	-18.51026391495106	167.2403408786735	0.0	0.875
39.842808	-0.07125984251968505	-0.07125984251968505	-0.07125984251968505	-9.05	-9.05	-9.05	0.625	1.75	0.5	19.375	16.5	0.125	N/A	N/A	241.78088195003406	-50.725	90.7668949475163	164.696742616775	-13.370618333678161	167.11230887067148	0.0	0.875
39.951038	-0.07007874015748032	-0.07007874015748032	-0.07007874015748032	-8.9	-8.9	-8.9	0.625	1.75	0.5	24.625	19.625	0.125	N/A	N/A	234.959964576659	-71.675	92.76494787519941	132.9105260204318	-6.8989374672831865	170.90415134605828	0.0	0.875
40.059051	-0.07007874015748032	-0.07007874015748032	-0.07007874015748032	-8.9	-8.9	-8.9	0.625	1.75	0.5	24.125	18.75	0.125	N/A	N/A	225.4383538135833	-96.5375	94.07185041909277	90.20715007811782	-0.15079644737231007	177.2050363018105	0.0	0.875
40.145003	-0.07125984251968505	-0.07125984251968505	-0.07125984251968505	-9.05	-9.05	-9.05	0.625	1.75	0.5	23.875	18.25	0.125	N/A	N/A	216.14456677248583	-116.3625	95.01432821516971	70.19999444305522	5.504070329089318	186.91761829346225	0.0	0.875
40.253806	-0.07165354330708662	-0.07165354330708662	-0.07165354330708662	-9.100000000000001	-9.100000000000001	-9.100000000000001	0.625	1.75	0.5	20.875	17.25	0.125	N/A	N/A	202.49336743732982	-131.325	95.69291222834511	47.34984153785643	12.679467949888405	196.60297337331275	0.0	0.875
40.352228	-0.07204724409448819	-0.07204724409448819	-0.07204724409448819	-9.15	-9.15	-9.15	0.625	1.75	0.5	22.25	16.625	0.125	N/A	N/A	188.472743500948	-148.4625	95.85627504633177	31.451662911567205	19.251679781198252	204.281709383846	0.0	0.875
40.46906	-0.07244094488188976	-0.07244094488188976	-0.07244094488188976	-9.2	-9.2	-9.2	0.625	1.75	0.5	20.75	17.0	0.125	N/A	N/A	171.02243821876144	-153.9375	95.64264674588767	18.528585988490285	27.168493268244532	208.99965810179475	0.0	0.875
40.555338	-0.07244094488188976	-0.07244094488188976	-0.07244094488188976	-9.2	-9.2	-9.2	0.625	1.75	0.5	22.0	17.0	0.125	N/A	N/A	157.30174623017294	-158.125	95.40388570421484	9.336510191763326	33.024421974535905	212.53454182272495	0.0	0.875
40.675169	-0.07165354330708662	-0.07165354330708662	-0.07165354330708662	-9.100000000000001	-9.100000000000001	-9.100000000000001	0.625	1.75	0.5	20.125	16.75	0.125	N/A	N/A	138.13565637163018	-163.725	95.00176184455535	0.1334094165695255	41.12973102079757	214.16554957466292	0.0	0.875
40.767742	-0.07086614173228346	-0.07086614173228346	-0.07086614173228346	-9.0	-9.0	-9.0	0.625	1.75	0.5	21.875	17.5	0.125	N/A	N/A	122.79761292622418	-167.1875	94.51167339059535	-7.123964559952128	47.38778358674844	214.85056486518278	0.0	0.875
40.870987	-0.07283464566929133	-0.07283464566929133	-0.07283464566929133	-9.25	-9.25	-9.25	0.625	1.75	0.5	21.25	17.375	0.125	N/A	N/A	105.04298470647457	-169.4625	93.46866462960352	-14.954358853591916	54.68884491369112	217.43427796207203	0.0	0.875
40.951405	-0.07401574803149606	-0.07401574803149606	-0.07401574803149606	-9.4	-9.4	-9.4	0.625	1.75	0.5	19.0	16.0	0.125	N/A	N/A	91.22741073458153	-162.575	92.76494787519941	-19.186837486070548	60.54477361998249	220.32126751572824	0.0	0.875
41.068416	-0.07322834645669292	-0.07322834645669292	-0.07322834645669292	-9.3	-9.3	-9.3	0.625	1.75	0.5	17.5	16.0	0.125	N/A	N/A	72.44586191974095	-157.3	91.58370903744965	-23.98906368364558	69.00194104344622	222.73510174351594	0.0	0.875
41.147424	-0.0736220472440945	-0.0736220472440945	-0.0736220472440945	-9.350000000000001	-9.350000000000001	-9.350000000000001	0.625	1.75	0.5	19.125	16.25	0.125	N/A	N/A	60.00755043343021	-153.9125	90.84229317120246	-27.78165627623817	74.74477241420836	225.80176841018266	0.0	0.875
41.250401	7.04765625	7.04765625	7.04765625	-9.3	-9.3	-9.3	4.75	4.75	0.5	18.5	15.375	0.125	N/A	N/A	45.110286515779066	-118.4125	91.62140814929273	-19.588320813659656	81.43008158104745	224.8605919395944	0.0	0.875
41.368799	7.300000000000001	7.300000000000001	7.300000000000001	-6.843750000000001	-6.843750000000001	-6.843750000000001	30.0	24.875	0.5	10.25	10.0	0.125	N/A	N/A	33.60816580528514	-77.4125	94.51167339059535	2.5325896864627224	88.61804557246089	218.2810296555727	0.0	0.875
41.473175	7.4	7.4	7.4	-6.9375	-6.9375	-6.9375	30.0	28.75	0.5	8.625	10.625	0.125	N/A	N/A	26.846252165621834	-55.1125	98.52034561657592	32.74797430184734	95.27822199807125	213.06925377713014	0.0	0.875
41.546031	7.7	7.7	7.7	-7.21875	-7.21875	-7.21875	25.375	24.625	0.5	8.625	10.625	0.125	N/A	N/A	23.121997867710547	-42.525	101.97609753552469	68.44397799785104	100.31733661442928	210.36377907165542	0.0	0.875
41.659084	8.25	8.25	8.25	-7.669921875	-7.669921875	-7.669921875	21.875	22.0	0.5	7.75	8.875	0.125	N/A	N/A	19.342403716702805	-25.8625	108.13361913656068	109.51276106663411	108.30954832516171	209.7923505002269	0.0	0.875
41.748381	8.45	8.45	8.45	-7.855859375	-7.855859375	-7.855859375	17.0	17.5	0.5	7.375	9.125	0.125	N/A	N/A	17.444352638414447	-16.15	113.88901687793718	145.74904986405318	114.98229112138644	215.35574919303735	0.0	0.875
41.864927	8.850000000000001	8.850000000000001	8.850000000000001	-8.227734375	-8.227734375	-8.227734375	13.5	14.5	0.5	7.875	8.75	0.125	N/A	N/A	15.966656908144119	-10.5875	121.01414901627884	168.99001804619783	124.00494522249632	226.2312605898813	0.0	0.875
41.947588	8.95	8.95	8.95	-8.320703125	-8.320703125	-8.320703125	13.0	14.0	0.5	6.875	8.25	0.125	N/A	N/A	15.416318056540948	-5.375	127.00830779932816	190.25415150310238	130.5394579419631	235.73635790220752	0.0	0.875
42.04811	9.15	9.15	9.15	-9.15	-9.15	-9.15	11.0	12.5	0.5	7.125	7.375	0.125	N/A	N/A	15.115204833778032	0.4125	134.33450186749957	207.56874609769693	138.80812980621144	244.97311465896428	0.0	0.875
42.173091	9.15	9.15	9.15	-9.15	-9.15	-9.15	9.75	11.25	0.5	7.125	7.375	0.125	N/A	N/A	15.00006989017853	1.0	142.37697906068942	213.3858889548398	149.2507837867439	252.79254323039285	0.0	0.875
42.259727	-0.0	-0.0	-0.0	-9.25	-9.25	-9.25	9.75	11.25	0.5	9.5	6.625	0.125	N/A	N/A	13.486301302776782	-37.5875	146.19715572745463	200.35114789840176	156.96653534396043	261.77951641046945	0.0	0.875
42.363121	-0.0	-0.0	-0.0	-9.9	-9.9	-9.9	0.625	1.75	0.5	12.0	8.5	0.125	N/A	N/A	6.936624030665265	-80.4375	148.40883695558185	175.18344397341625	165.9263575919985	267.7359944821132	0.0	0.875
42.456518	-0.0	-0.0	-0.0	-9.75	-9.75	-9.75	0.625	1.75	0.5	12.875	11.0	0.125	N/A	N/A	-2.4497746401723326	-110.8	150.05503150606287	140.53796845431862	173.6923746316725	270.041044469296	0.0	0.875
42.563806	-0.0	-0.0	-0.0	-9.65	-9.65	-9.65	0.625	1.75	0.5	14.375	11.375	0.125	N/A	N/A	-15.943385283096147	-136.6	151.47503138548547	102.19180023001954	182.38830309680904	269.29936222630533	0.0	0.875
42.662896	-0.0	-0.0	-0.0	-9.65	-9.65	-9.65	0.625	1.75	0.5	14.625	12.5	0.125	N/A	N/A	-30.69666037275088	-155.25	151.9022879863737	64.14089113911044	190.33024932508403	267.12206929701244	0.0	0.875
42.764156	-0.0	-0.0	-0.0	-4.6742187500000005	-4.6742187500000005	-4.6742187500000005	0.625	1.75	0.5	16.5	12.375	0.125	N/A	N/A	-47.128863443653714	-160.3875	151.70122605654393	34.91954141793143	197.8449389524708	258.3709597032945	0.0	0.875
42.86198	-0.0	-0.0	-0.0	-0.083984375	-0.083984375	-0.083984375	0.625	1.75	0.5	4.875	4.75	0.125	N/A	N/A	-62.31145231032663	-137.55	151.17343849074086	17.65780177061619	202.84635445698578	235.0858398301025	0.0	0.875
42.962261	-0.0	-0.0	-0.0	-0.083984375	-0.083984375	-0.083984375	0.625	1.75	0.5	0.5	0.875	0.125	N/A	N/A	-73.29603370474811	-87.5375	150.36919077142187	1.3037592174246977	205.6737878452166	200.58030791520883	0.0	0.875
43.063712	-0.0	-0.0	-0.0	-0.08476562500000001	-0.08476562500000001	-0.08476562500000001	0.625	1.75	0.5	0.5	0.875	0.125	N/A	N/A	-80.2442778624329	-47.05	149.66547401701774	-11.462229421021334	207.35768150754072	159.50865682486616	0.0	0.875
43.164127	-0.0	-0.0	-0.0	-0.08476562500000001	-0.08476562500000001	-0.08476562500000001	0.625	1.75	0.5	0.5	0.875	0.125	N/A	N/A	-83.5388183891187	-15.1	149.3136156398157	-16.611320330112243	208.1619292268597	113.55794975415911	0.0	0.875
43.264026	-0.0	-0.0	-0.0	-0.0859375	-0.0859375	-0.0859375	0.625	1.75	0.5	0.5	0.875	0.125	N/A	N/A	-84.05745118919718	4.325	149.28848289858698	-15.343993597438978	208.35042478607508	67.31319727891156	0.0	0.875
43.362185	-0.0	-0.0	-0.0	-0.0859375	-0.0859375	-0.0859375	0.625	1.75	0.5	0.5	0.875	0.125	N/A	N/A	-83.91437925462641	2.175	149.3136156398157	-11.7521568627451	208.35042478607508	34.986666666666665	0.0	0.875
43.463244	-0.0	-0.0	-0.0	-0.086328125	-0.086328125	-0.086328125	0.625	1.75	0.5	0.5	0.875	0.125	N/A	N/A	-83.91233249876235	1.9875	149.30104926920134	-6.632156862745097	208.35042478607508	17.06666666666667	0.0	0.875
43.583692	-0.0	-0.0	-0.0	-0.086328125	-0.086328125	-0.086328125	0.625	1.75	0.5	0.5	0.875	0.125	N/A	N/A	-83.8884369060961	2.2625	149.23821741612954	-2.504462809917355	208.35042478607508	6.4	0.0	0.875
43.682287	-0.0	-0.0	-0.0	-0.086328125	-0.086328125	-0.086328125	0.625	1.75	0.5	0.5	0.875	0.125	N/A	N/A	-83.88595778395691	2.0	149.16281919244338	-0.9175240344071511	208.35042478607508	1.28	0.0	0.875
43.782286	-0.0	-0.0	-0.0	-0.0859375	-0.0859375	-0.0859375	0.625	1.75	0.5	0.5	0.875	0.125	N/A	N/A	-83.88409053641945	1.8375	149.1251200806003	-1.2375240344071512	208.35042478607508	0.0	0.0	0.875
43.900354	-0.0	-0.0	-0.0	-0.086328125	-0.086328125	-0.086328125	0.625	1.75	0.5	0.5	0.875	0.125	N/A	N/A	-83.8728900459782	2.55	149.1251200806003	-1.2375240344071512	208.35042478607508	0.0	0.0	0.875
43.979332	-0.0	-0.0	-0.0	-0.086328125	-0.086328125	-0.086328125	0.625	1.75	0.5	0.5	0.875	0.125	N/A	N/A	-83.87215663472861	2.1	149.1251200806003	-1.2375240344071512	208.35042478607508	0.0	0.0	0.875
44.077092	-0.0	-0.0	-0.0	-0.086328125	-0.086328125	-0.086328125	0.625	1.75	0.5	0.5	0.875	0.125	N/A	N/A	-83.8693309379672	2.225	149.0622882275285	-1.299591836734694	208.35042478607508	0.0	0.0	0.875
44.177558	-0.0	-0.0	-0.0	-0.086328125	-0.086328125	-0.086328125	0.625	1.75	0.5	0.5	0.875	0.125	N/A	N/A	-83.87292677681101	1.225	149.0622882275285	-0.6465306122448979	208.35042478607508	0.0	0.0	0.875
44.277899	-0.0	-0.0	-0.0	-0.086328125	-0.086328125	-0.086328125	0.625	1.75	0.5	0.5	0.875	0.125	N/A	N/A	-83.7158608413167	0.425	149.03715548629978	-0.32653061224489793	208.35042478607508	0.0	0.0	0.875
44.404674	-0.0	-0.0	-0.0	-0.086328125	-0.086328125	-0.086328125	0.625	1.75	0.5	0.5	0.875	0.125	N/A	N/A	-83.5074380288167	1.7875	148.974323633228	-0.8304676201189137	208.35042478607508	0.0	0.0	0.875
44.478125	-0.0	-0.0	-0.0	-0.086328125	-0.086328125	-0.086328125	0.625	1.75	0.5	0.5	0.875	0.125	N/A	N/A	-83.38818719131669	1.45	148.974323633228	-0.8304676201189137	208.35042478607508	0.0	0.0	0.875
44.578764	-0.0	-0.0	-0.0	-0.086328125	-0.086328125	-0.086328125	0.625	1.75	0.5	0.5	0.875	0.125	N/A	N/A	-83.2294548163167	1.575	148.974323633228	-0.5039370078740157	208.35042478607508	0.0	0.0	1.0
44.704238	-0.0	-0.0	-0.0	-0.086328125	-0.086328125	-0.086328125	0.625	1.75	0.5	0.5	0.875	0.125	N/A	N/A	-83.01809830381671	1.425	148.974323633228	-0.5039370078740157	208.35042478607508	0.0	0.0	1.0
44.80243	-0.0	-0.0	-0.0	-0.086328125	-0.086328125	-0.086328125	0.625	1.75	0.5	0.5	0.875	0.125	N/A	N/A	-82.85893922881674	1.55	148.98689000384235	-0.1774063956291178	208.35042478607508	0.0	0.0	1.0
44.903768	-0.0	-0.0	-0.0	-0.086328125	-0.086328125	-0.086328125	0.625	1.875	0.5	0.5	0.875	0.125	N/A	N/A	-82.69272136631675	1.85	148.98689000384235	0.32653061224489793	208.35042478607508	0.0	0.0	1.0
45.003364	-0.0	-0.0	-0.0	-0.086328125	-0.086328125	-0.086328125	0.625	1.875	0.5	0.5	0.875	0.125	N/A	N/A	-82.53180076631675	1.6375	148.974323633228	0.003298289012574651	208.35042478607508	0.0	0.0	1.0
45.120077	-0.0	-0.0	-0.0	-0.086328125	-0.086328125	-0.086328125	0.625	1.875	0.5	0.5	0.875	0.125	N/A	N/A	-82.34245249131675	1.5625	148.974323633228	0.003298289012574651	208.35042478607508	0.0	0.0	1.0
45.351154	-0.0	-0.0	-0.0	-0.086328125	-0.086328125	-0.086328125	0.625	1.875	0.5	0.5	0.875	0.125	N/A	N/A	-81.96267102881673	1.8375	148.974323633228	0.003298289012574651	208.35042478607508	0.0	0.0	1.0
45.418727	-0.0	-0.0	-0.0	-0.086328125	-0.086328125	-0.086328125	0.625	1.875	0.5	0.5	0.875	0.125	N/A	N/A	-81.84758190381673	1.575	148.974323633228	-0.32323232323232326	208.35042478607508	0.0	0.0	1.0
45.519237	-0.0	-0.0	-0.0	-0.086328125	-0.086328125	-0.086328125	0.625	1.875	0.5	0.5	0.875	0.125	N/A	N/A	-81.68790807881673	1.875	148.974323633228	-0.32323232323232326	208.35042478607508	0.0	0.0	1.0
45.619029	-0.0	-0.0	-0.0	-0.086328125	-0.086328125	-0.086328125	0.625	1.875	0.5	0.5	0.875	0.125	N/A	N/A	-81.5267310788167	1.6875	148.974323633228	0.0	208.35042478607508	0.0	0.0	1.0
45.741748	-0.0	-0.0	-0.0	-0.086328125	-0.086328125	-0.086328125	0.625	1.875	0.5	0.5	0.875	0.125	N/A	N/A	-81.33452911631673	1.4625	148.974323633228	0.0	208.35042478607508	0.0	0.0	1.0
45.819957	-0.0	-0.0	-0.0	-0.086328125	-0.086328125	-0.086328125	0.625	1.875	0.5	0.5	0.875	0.125	N/A	N/A	-81.20929044131678	1.7875	148.974323633228	0.0	208.35042478607508	0.0	0.0	1.0
45.941233	-0.0	-0.0	-0.0	-0.086328125	-0.086328125	-0.086328125	0.625	1.875	0.5	0.5	0.875	0.125	N/A	N/A	-81.01252434131676	1.625	148.974323633228	0.0	208.35042478607508	0.0	0.0	1.0
46.038358	-0.0	-0.0	-0.0	-0.086328125	-0.086328125	-0.086328125	0.625	1.875	0.5	0.5	0.875	0.125	N/A	N/A	-80.85802496631673	1.7375	148.974323633228	0.0	208.35042478607508	0.0	0.0	1.0
46.13784	-0.0	-0.0	-0.0	-0.086328125	-0.086328125	-0.086328125	0.625	1.875	0.5	0.5	0.875	0.125	N/A	N/A	-80.69310790381677	1.5	148.974323633228	0.0	208.35042478607508	0.0	0.0	1.0
46.24087	-0.0	-0.0	-0.0	-0.086328125	-0.086328125	-0.086328125	0.625	1.875	0.5	0.5	0.875	0.125	N/A	N/A	-80.51765006631676	1.7	148.974323633228	0.0	208.35042478607508	0.0	0.0	1.0
46.34165	-0.0	-0.0	-0.0	-0.086328125	-0.086328125	-0.086328125	0.625	1.875	0.5	0.5	0.875	0.125	N/A	N/A	-80.36286862881674	1.525	148.974323633228	0.0	208.35042478607508	0.0	0.0	1.0
46.4348	-0.0	-0.0	-0.0	-0.086328125	-0.086328125	-0.086328125	0.625	1.875	0.5	0.5	0.875	0.125	N/A	N/A	-80.21396711631674	1.65	148.974323633228	0.0	208.35042478607508	0.0	0.0	1.0
46.538329	-0.0	-0.0	-0.0	-0.086328125	-0.086328125	-0.086328125	0.625	1.875	0.5	0.5	0.875	0.125	N/A	N/A	-80.04132799131669	1.45	148.974323633228	0.0	208.33785841546074	-0.3106796116504854	0.0	1.0
46.680844	-0.0	-0.0	-0.0	-0.086328125	-0.086328125	-0.086328125	0.625	1.875	0.5	0.5	0.875	0.125	N/A	N/A	-79.8144300413167	1.5	148.974323633228	0.0	208.33785841546074	-0.3106796116504854	0.0	1.0
46.73653	-0.0	-0.0	-0.0	-0.086328125	-0.086328125	-0.086328125	0.625	1.875	0.5	0.5	0.875	0.125	N/A	N/A	-79.72206874131669	1.5875	148.974323633228	0.0	208.33785841546074	-0.3106796116504854	0.0	1.0
46.833335	-0.0	-0.0	-0.0	-0.086328125	-0.086328125	-0.086328125	0.625	1.875	0.5	0.5	0.875	0.125	N/A	N/A	-79.57187115381669	1.75	148.974323633228	0.0	208.33785841546074	-0.3106796116504854	0.0	1.0
46.928133	-0.0	-0.0	-0.0	-0.086328125	-0.086328125	-0.086328125	0.625	1.875	0.5	0.5	0.875	0.125	N/A	N/A	-79.41437176631669	1.675	148.974323633228	0.0	208.33785841546074	-0.3106796116504854	0.0	1.0
